2 0.087890625 0.8046875 0.0244140625 0.091796875
2 0.43359375 0.5673828125 0.0146484375 0.078125
2 0.58203125 0.8583984375 0.0302734375 0.1044921875
2 0.8193359375 0.943359375 0.017578125 0.11328125
2 0.7001953125 0.8125 0.029296875 0.103515625
2 0.7939453125 0.7470703125 0.01171875 0.1005859375
2 0.68359375 0.6796875 0.015625 0.0849609375
2 0.6064453125 0.69921875 0.0166015625 0.1005859375
2 0.548828125 0.470703125 0.015625 0.076171875
2 0.685546875 0.4453125 0.0166015625 0.07421875
2 0.830078125 0.2236328125 0.0068359375 0.0576171875
2 0.623046875 0.3037109375 0.009765625 0.0703125
2 0.5703125 0.2958984375 0.013671875 0.0615234375
2 0.4599609375 0.3193359375 0.0126953125 0.0703125
2 0.4423828125 0.384765625 0.0126953125 0.0654296875
2 0.388671875 0.4072265625 0.013671875 0.05078125
2 0.3779296875 0.3955078125 0.0126953125 0.072265625
1 0.27734375 0.2587890625 0.013671875 0.0654296875
3 0.66015625 0.4765625 0.015625 0.080078125
3 0.7265625 0.1259765625 0.009765625 0.041015625
0 0.103515625 0.865234375 0.01171875 0.01953125