2 0.1318359375 0.6533203125 0.0146484375 0.0810546875
2 0.125 0.3642578125 0.021484375 0.0546875
2 0.1865234375 0.4599609375 0.0166015625 0.064453125
2 0.2490234375 0.7802734375 0.0234375 0.0771484375
2 0.255859375 0.9306640625 0.021484375 0.1064453125
2 0.369140625 0.8212890625 0.02734375 0.0888671875
2 0.341796875 0.580078125 0.021484375 0.060546875
2 0.228515625 0.4619140625 0.013671875 0.0693359375
2 0.4189453125 0.392578125 0.0185546875 0.0546875
2 0.435546875 0.2822265625 0.0146484375 0.056640625
3 0.5341796875 0.5576171875 0.0146484375 0.0771484375
2 0.6728515625 0.814453125 0.0283203125 0.1044921875
2 0.625 0.498046875 0.0185546875 0.0625
0 0.3681640625 0.60546875 0.009765625 0.015625
2 0.70703125 0.5751953125 0.0146484375 0.083984375
2 0.853515625 0.55859375 0.01953125 0.06640625
2 0.83984375 0.3232421875 0.021484375 0.037109375
2 0.890625 0.3525390625 0.0224609375 0.048828125
2 0.9296875 0.443359375 0.021484375 0.0615234375
2 0.9248046875 0.5 0.0126953125 0.072265625
2 0.9755859375 0.603515625 0.0244140625 0.0810546875