3 0.392578125 0.5302734375 0.02734375 0.103515625
1 0.91796875 0.4697265625 0.02734375 0.0859375
0 0.5908203125 0.4072265625 0.0107421875 0.0224609375
2 0.1796875 0.806640625 0.0400390625 0.150390625
2 0.17578125 0.662109375 0.0263671875 0.1171875
2 0.2177734375 0.59375 0.0224609375 0.1015625
2 0.447265625 0.4169921875 0.0126953125 0.06640625
2 0.47265625 0.5458984375 0.017578125 0.08984375
2 0.5439453125 0.546875 0.021484375 0.0810546875
2 0.6328125 0.6318359375 0.0283203125 0.1083984375
2 0.7119140625 0.580078125 0.017578125 0.1044921875
2 0.689453125 0.564453125 0.01171875 0.0927734375
2 0.6953125 0.53125 0.0146484375 0.103515625
2 0.7109375 0.462890625 0.0205078125 0.0654296875
2 0.587890625 0.51171875 0.01953125 0.0859375
2 0.60546875 0.50390625 0.0234375 0.0888671875
2 0.6376953125 0.51171875 0.0263671875 0.107421875
2 0.6748046875 0.486328125 0.01953125 0.07421875