2 0.990234375 0.5830078125 0.01953125 0.154296875
2 0.81640625 0.537109375 0.0302734375 0.126953125
2 0.5908203125 0.4716796875 0.015625 0.0888671875
2 0.591796875 0.4208984375 0.0185546875 0.087890625
2 0.5029296875 0.46484375 0.02734375 0.091796875
2 0.4384765625 0.4287109375 0.02734375 0.0966796875
2 0.427734375 0.6279296875 0.0234375 0.13671875
2 0.33203125 0.654296875 0.0302734375 0.1044921875
2 0.123046875 0.6455078125 0.0283203125 0.13671875
2 0.080078125 0.6064453125 0.0244140625 0.1201171875
2 0.337890625 0.4462890625 0.021484375 0.1015625
2 0.3642578125 0.517578125 0.0234375 0.1044921875
0 0.4990234375 0.6640625 0.0126953125 0.0224609375
1 0.6767578125 0.4794921875 0.02734375 0.083984375