2 0.1416015625 0.578125 0.017578125 0.083984375
2 0.212890625 0.6005859375 0.0244140625 0.0810546875
2 0.212890625 0.373046875 0.015625 0.06640625
2 0.17578125 0.236328125 0.01171875 0.046875
2 0.2822265625 0.357421875 0.021484375 0.064453125
2 0.3662109375 0.4921875 0.015625 0.0732421875
2 0.42578125 0.3291015625 0.015625 0.056640625
2 0.4560546875 0.5234375 0.0146484375 0.0732421875
2 0.47265625 0.4443359375 0.0146484375 0.08203125
2 0.5068359375 0.4345703125 0.0126953125 0.068359375
2 0.546875 0.5419921875 0.015625 0.076171875
2 0.5263671875 0.7119140625 0.0205078125 0.091796875
2 0.681640625 0.822265625 0.0185546875 0.087890625
2 0.7861328125 0.8369140625 0.02734375 0.1015625
2 0.7236328125 0.654296875 0.0234375 0.0849609375
0 0.7236328125 0.84765625 0.009765625 0.0185546875
3 0.26953125 0.478515625 0.015625 0.07421875
1 0.7900390625 0.310546875 0.013671875 0.0615234375