2 0.1103515625 0.7880859375 0.0146484375 0.0625
2 0.361328125 0.8916015625 0.0224609375 0.056640625
2 0.1796875 0.5859375 0.0185546875 0.0625
2 0.9560546875 0.9404296875 0.0283203125 0.0625
2 0.7099609375 0.982421875 0.025390625 0.0341796875
2 0.85546875 0.57421875 0.025390625 0.076171875
2 0.748046875 0.1953125 0.013671875 0.044921875
2 0.6533203125 0.3466796875 0.0166015625 0.056640625
2 0.5341796875 0.5478515625 0.025390625 0.064453125
2 0.4814453125 0.5263671875 0.0205078125 0.0771484375
2 0.40234375 0.490234375 0.013671875 0.0673828125
2 0.515625 0.2744140625 0.0224609375 0.0537109375
2 0.5517578125 0.2265625 0.009765625 0.0498046875
2 0.58203125 0.21875 0.0107421875 0.052734375
1 0.521484375 0.10546875 0.0126953125 0.04296875
3 0.609375 0.44921875 0.015625 0.04296875
3 0.9541015625 0.033203125 0.013671875 0.0390625