2 0.17578125 0.55078125 0.0224609375 0.09375
2 0.3095703125 0.44140625 0.0205078125 0.0859375
2 0.3935546875 0.5966796875 0.0322265625 0.083984375
2 0.390625 0.4677734375 0.0234375 0.05859375
2 0.4404296875 0.455078125 0.01953125 0.087890625
2 0.5166015625 0.353515625 0.0126953125 0.0859375
2 0.521484375 0.4716796875 0.013671875 0.0859375
2 0.533203125 0.4404296875 0.01953125 0.091796875
2 0.6748046875 0.34765625 0.017578125 0.07421875
2 0.765625 0.541015625 0.0234375 0.091796875
2 0.859375 0.572265625 0.0224609375 0.1015625
2 0.7392578125 0.8564453125 0.0283203125 0.134765625
2 0.5625 0.798828125 0.03125 0.1240234375
3 0.546875 0.583984375 0.02734375 0.109375
3 0.771484375 0.142578125 0.0078125 0.0478515625
1 0.283203125 0.3896484375 0.048828125 0.0400390625
0 0.19921875 0.3876953125 0.0107421875 0.0126953125