2 0.10546875 0.3056640625 0.01953125 0.0888671875
2 0.2060546875 0.388671875 0.0302734375 0.0908203125
2 0.638671875 0.79296875 0.0341796875 0.1572265625
2 0.7421875 0.5576171875 0.0205078125 0.1083984375
2 0.765625 0.349609375 0.0205078125 0.1044921875
0 0.310546875 0.5 0.009765625 0.0185546875
2 0.4189453125 0.40234375 0.029296875 0.1025390625
2 0.33203125 0.2880859375 0.0146484375 0.0732421875
2 0.3935546875 0.2392578125 0.009765625 0.0673828125
2 0.4443359375 0.337890625 0.01953125 0.0927734375
3 0.474609375 0.3330078125 0.0224609375 0.0966796875
2 0.5361328125 0.3046875 0.0224609375 0.0810546875
2 0.55078125 0.2744140625 0.0205078125 0.07421875
2 0.6064453125 0.33203125 0.03125 0.09765625
2 0.638671875 0.326171875 0.0205078125 0.0966796875