2 0.09375 0.6005859375 0.0224609375 0.1162109375
2 0.123046875 0.4990234375 0.0234375 0.109375
2 0.1181640625 0.3291015625 0.0166015625 0.1064453125
2 0.224609375 0.1806640625 0.0166015625 0.083984375
2 0.248046875 0.171875 0.021484375 0.1015625
2 0.3310546875 0.3994140625 0.021484375 0.115234375
2 0.34375 0.294921875 0.021484375 0.09375
2 0.4033203125 0.263671875 0.0166015625 0.0927734375
2 0.376953125 0.412109375 0.0166015625 0.09765625
2 0.3935546875 0.44921875 0.01953125 0.1123046875
2 0.4990234375 0.580078125 0.0283203125 0.08203125
2 0.4677734375 0.40234375 0.0224609375 0.076171875
2 0.50390625 0.3427734375 0.0185546875 0.0927734375
2 0.53125 0.3857421875 0.052734375 0.0537109375
2 0.576171875 0.376953125 0.0283203125 0.0908203125
2 0.6015625 0.515625 0.0205078125 0.1005859375
1 0.736328125 0.427734375 0.0302734375 0.1025390625
3 0.1318359375 0.2939453125 0.0205078125 0.0986328125