2 0.1162109375 0.271484375 0.021484375 0.068359375
2 0.0869140625 0.1962890625 0.0146484375 0.091796875
2 0.2470703125 0.595703125 0.0263671875 0.1123046875
2 0.4677734375 0.8896484375 0.0263671875 0.1083984375
2 0.384765625 0.296875 0.017578125 0.0810546875
3 0.3134765625 0.369140625 0.017578125 0.0947265625
2 0.490234375 0.43359375 0.0244140625 0.1123046875
2 0.537109375 0.4091796875 0.01953125 0.0693359375
2 0.5634765625 0.4296875 0.0205078125 0.0654296875
2 0.6728515625 0.529296875 0.0283203125 0.107421875
2 0.7119140625 0.470703125 0.0224609375 0.1181640625
2 0.6142578125 0.4111328125 0.0234375 0.0888671875
0 0.6435546875 0.39453125 0.0078125 0.0166015625
2 0.6318359375 0.29296875 0.013671875 0.0986328125
2 0.6494140625 0.1982421875 0.015625 0.0927734375
2 0.6513671875 0.0810546875 0.0146484375 0.076171875
1 0.84375 0.4296875 0.01953125 0.0947265625