1 0.0771484375 0.4423828125 0.033203125 0.134765625
2 0.3681640625 0.49609375 0.0263671875 0.119140625
1 0.40234375 0.46875 0.02734375 0.146484375
1 0.44140625 0.48046875 0.0302734375 0.13671875
1 0.462890625 0.3876953125 0.021484375 0.123046875
1 0.49609375 0.412109375 0.0263671875 0.142578125
1 0.6240234375 0.638671875 0.02734375 0.1318359375
1 0.642578125 0.3671875 0.0244140625 0.1181640625
1 0.69140625 0.265625 0.0205078125 0.0869140625
1 0.70703125 0.265625 0.015625 0.0810546875
1 0.8544921875 0.380859375 0.01953125 0.115234375
1 0.8154296875 0.2392578125 0.013671875 0.1044921875
3 0.5556640625 0.2060546875 0.021484375 0.091796875