1 0.2490234375 0.4013671875 0.046875 0.072265625
2 0.4111328125 0.5419921875 0.0166015625 0.0771484375
2 0.4296875 0.6044921875 0.0185546875 0.103515625
2 0.4609375 0.4501953125 0.0234375 0.072265625
2 0.490234375 0.509765625 0.0341796875 0.0546875
2 0.5732421875 0.4013671875 0.0166015625 0.0830078125
2 0.626953125 0.4150390625 0.01953125 0.06640625
2 0.6640625 0.3564453125 0.0244140625 0.0703125
2 0.7080078125 0.5048828125 0.0263671875 0.111328125
2 0.771484375 0.3740234375 0.013671875 0.06640625
3 0.875 0.537109375 0.0263671875 0.1025390625
3 0.7763671875 0.2373046875 0.025390625 0.05859375
0 0.603515625 0.390625 0.0078125 0.015625