3 0.1083984375 0.4423828125 0.0478515625 0.130859375
0 0.509765625 0.4794921875 0.017578125 0.02734375
1 0.5009765625 0.259765625 0.0263671875 0.09765625
2 0.361328125 0.517578125 0.0322265625 0.1826171875
2 0.056640625 0.6416015625 0.0380859375 0.2109375
2 0.115234375 0.7177734375 0.068359375 0.234375
2 0.19921875 0.8349609375 0.0830078125 0.2607421875
2 0.4306640625 0.861328125 0.0625 0.27734375
2 0.685546875 0.8603515625 0.076171875 0.2783203125
2 0.8173828125 0.8193359375 0.064453125 0.25390625
2 0.9345703125 0.7255859375 0.0634765625 0.208984375
2 0.978515625 0.609375 0.04296875 0.232421875