1 0.2099609375 0.5126953125 0.01953125 0.091796875
2 0.3349609375 0.5673828125 0.0234375 0.09765625
2 0.357421875 0.5166015625 0.0205078125 0.1181640625
2 0.44140625 0.6328125 0.0244140625 0.1064453125
2 0.4609375 0.529296875 0.0205078125 0.099609375
2 0.4501953125 0.34765625 0.0107421875 0.0615234375
2 0.4892578125 0.3564453125 0.017578125 0.0634765625
2 0.5185546875 0.3623046875 0.015625 0.0576171875
3 0.5361328125 0.322265625 0.017578125 0.068359375
2 0.5810546875 0.5107421875 0.021484375 0.0888671875
2 0.6494140625 0.5302734375 0.0224609375 0.0947265625
2 0.642578125 0.4482421875 0.0341796875 0.091796875
0 0.6201171875 0.396484375 0.005859375 0.0166015625
2 0.771484375 0.3720703125 0.0166015625 0.0810546875
2 0.80859375 0.435546875 0.0224609375 0.0771484375
3 0.806640625 0.5009765625 0.0224609375 0.09765625
2 0.7939453125 0.705078125 0.025390625 0.1337890625