3 0.10546875 0.548828125 0.0205078125 0.11328125
2 0.1044921875 0.482421875 0.0205078125 0.1103515625
2 0.2978515625 0.2392578125 0.0185546875 0.0595703125
2 0.4658203125 0.3232421875 0.0166015625 0.08203125
2 0.412109375 0.4326171875 0.0166015625 0.076171875
2 0.4111328125 0.484375 0.0244140625 0.09375
2 0.5361328125 0.609375 0.025390625 0.0673828125
2 0.55078125 0.666015625 0.01953125 0.08984375
2 0.646484375 0.4599609375 0.0244140625 0.1064453125
2 0.728515625 0.62109375 0.025390625 0.1025390625
2 0.7353515625 0.552734375 0.0322265625 0.10546875
2 0.7724609375 0.537109375 0.0224609375 0.1162109375
2 0.8193359375 0.5029296875 0.02734375 0.1123046875
1 0.681640625 0.59375 0.0322265625 0.0576171875