3 0.3642578125 0.203125 0.013671875 0.0634765625
3 0.7080078125 0.609375 0.0322265625 0.09375
2 0.8310546875 0.373046875 0.0185546875 0.0751953125
2 0.3173828125 0.4091796875 0.017578125 0.0546875
2 0.30078125 0.4384765625 0.0205078125 0.0849609375
2 0.330078125 0.48828125 0.0205078125 0.09375
2 0.296875 0.63671875 0.02734375 0.109375
2 0.490234375 0.5703125 0.0205078125 0.08984375
2 0.4423828125 0.7353515625 0.0361328125 0.1103515625
2 0.61328125 0.7119140625 0.0302734375 0.1240234375
2 0.5869140625 0.5810546875 0.025390625 0.0966796875
2 0.6396484375 0.85546875 0.0361328125 0.1259765625
2 0.7578125 0.728515625 0.017578125 0.123046875
2 0.705078125 0.66015625 0.0263671875 0.111328125
2 0.8876953125 0.84765625 0.021484375 0.1416015625
0 0.3447265625 0.5126953125 0.01171875 0.0224609375
3 0.46484375 0.927734375 0.0244140625 0.1240234375