2 0.25390625 0.646484375 0.0234375 0.08984375
2 0.3115234375 0.583984375 0.0224609375 0.07421875
2 0.3818359375 0.4384765625 0.025390625 0.0888671875
2 0.3984375 0.5927734375 0.0166015625 0.1015625
2 0.404296875 0.783203125 0.025390625 0.107421875
0 0.4169921875 0.7314453125 0.0068359375 0.0224609375
2 0.4365234375 0.6884765625 0.0244140625 0.091796875
2 0.4521484375 0.4853515625 0.01953125 0.0859375
2 0.4775390625 0.6171875 0.0224609375 0.083984375
2 0.5 0.6923828125 0.0234375 0.103515625
2 0.5693359375 0.498046875 0.0234375 0.0849609375
2 0.921875 0.45703125 0.0224609375 0.0771484375
2 0.947265625 0.314453125 0.021484375 0.0693359375
2 0.9921875 0.328125 0.015625 0.078125
3 0.697265625 0.51953125 0.0244140625 0.08203125
3 0.5810546875 0.220703125 0.0185546875 0.05859375