3 0.2236328125 0.4716796875 0.02734375 0.099609375
2 0.28515625 0.4091796875 0.0263671875 0.0751953125
2 0.3369140625 0.42578125 0.021484375 0.09765625
2 0.3583984375 0.220703125 0.0146484375 0.083984375
2 0.55859375 0.603515625 0.0126953125 0.111328125
2 0.62109375 0.5888671875 0.015625 0.115234375
2 0.5771484375 0.4970703125 0.0205078125 0.099609375
2 0.5498046875 0.2958984375 0.0126953125 0.072265625
2 0.6044921875 0.396484375 0.021484375 0.1015625
2 0.623046875 0.3076171875 0.0126953125 0.1171875
2 0.71484375 0.3564453125 0.025390625 0.1015625
2 0.765625 0.421875 0.021484375 0.1103515625
2 0.7744140625 0.607421875 0.0244140625 0.12109375
2 0.83984375 0.4345703125 0.017578125 0.1064453125
2 0.8974609375 0.48046875 0.017578125 0.1181640625
2 0.9072265625 0.4541015625 0.0205078125 0.103515625
2 0.9365234375 0.5166015625 0.02734375 0.111328125