3 0.0283203125 0.353515625 0.0341796875 0.1396484375
2 0.1943359375 0.4375 0.0341796875 0.1689453125
2 0.2529296875 0.3798828125 0.0263671875 0.1611328125
2 0.2939453125 0.3203125 0.01953125 0.1181640625
2 0.3203125 0.31640625 0.0185546875 0.126953125
2 0.4111328125 0.4033203125 0.0283203125 0.12890625
2 0.419921875 0.365234375 0.0224609375 0.1103515625
2 0.388671875 0.322265625 0.029296875 0.1484375
2 0.435546875 0.310546875 0.0224609375 0.138671875
2 0.4609375 0.3154296875 0.0234375 0.1279296875
2 0.53125 0.3408203125 0.0283203125 0.1484375
2 0.5771484375 0.287109375 0.0283203125 0.1103515625
2 0.576171875 0.3798828125 0.0263671875 0.1318359375
2 0.5576171875 0.7841796875 0.0732421875 0.236328125
2 0.685546875 0.361328125 0.0166015625 0.12890625
2 0.685546875 0.3369140625 0.03125 0.14453125
1 0.7978515625 0.3134765625 0.017578125 0.1005859375
0 0.7841796875 0.2724609375 0.0107421875 0.0185546875