2 0.0458984375 0.740234375 0.0283203125 0.09375
2 0.326171875 0.9140625 0.0478515625 0.1142578125
2 0.1123046875 0.5126953125 0.0224609375 0.052734375
2 0.0078125 0.5751953125 0.0146484375 0.0732421875
2 0.1826171875 0.466796875 0.0146484375 0.0595703125
2 0.2919921875 0.4599609375 0.0107421875 0.048828125
2 0.30859375 0.50390625 0.0146484375 0.0576171875
2 0.3193359375 0.4130859375 0.0078125 0.0478515625
2 0.365234375 0.6416015625 0.0234375 0.080078125
3 0.376953125 0.568359375 0.0166015625 0.068359375
2 0.4140625 0.544921875 0.01953125 0.056640625
2 0.435546875 0.5625 0.0224609375 0.0595703125
2 0.416015625 0.4951171875 0.0224609375 0.0556640625
2 0.4482421875 0.4482421875 0.0146484375 0.04296875
2 0.4443359375 0.40234375 0.013671875 0.0478515625
2 0.5869140625 0.482421875 0.0107421875 0.056640625
2 0.64453125 0.41015625 0.009765625 0.044921875
0 0.6728515625 0.48828125 0.0048828125 0.0087890625
2 0.6640625 0.609375 0.013671875 0.0751953125
2 0.7470703125 0.517578125 0.0185546875 0.0595703125
2 0.76953125 0.4521484375 0.01171875 0.0693359375
2 0.900390625 0.5556640625 0.0126953125 0.072265625
3 0.232421875 0.3876953125 0.0068359375 0.037109375