2 0.984375 0.8359375 0.02734375 0.140625
2 0.9892578125 0.685546875 0.021484375 0.134765625
2 0.6357421875 0.9189453125 0.0322265625 0.158203125
2 0.7880859375 0.541015625 0.0224609375 0.09765625
2 0.7705078125 0.3720703125 0.0185546875 0.09765625
2 0.6455078125 0.4580078125 0.017578125 0.103515625
2 0.576171875 0.4892578125 0.0244140625 0.107421875
2 0.3837890625 0.599609375 0.03125 0.1201171875
2 0.134765625 0.5732421875 0.0478515625 0.1123046875
2 0.3134765625 0.4951171875 0.033203125 0.0927734375
2 0.412109375 0.4775390625 0.03125 0.0888671875
2 0.4619140625 0.4765625 0.02734375 0.08203125
2 0.4853515625 0.4404296875 0.0263671875 0.08984375
1 0.3408203125 0.470703125 0.048828125 0.052734375
0 0.349609375 0.515625 0.013671875 0.01953125
3 0.80078125 0.609375 0.0224609375 0.115234375
3 0.939453125 0.189453125 0.025390625 0.0654296875