2 0.806640625 0.552734375 0.0546875 0.6162109375
2 0.7724609375 0.755859375 0.1669921875 0.1796875
2 0.6552734375 0.5458984375 0.0986328125 0.6357421875
2 0.5009765625 0.5615234375 0.103515625 0.802734375
2 0.32421875 0.5595703125 0.11328125 0.7802734375
3 0.3955078125 0.5732421875 0.0947265625 0.814453125
2 0.1767578125 0.5029296875 0.02734375 0.158203125
2 0.142578125 0.509765625 0.029296875 0.1796875
2 0.1123046875 0.5048828125 0.017578125 0.1162109375
2 0.0859375 0.5087890625 0.02734375 0.142578125
0 0.9130859375 0.8154296875 0.04296875 0.0810546875