1 0.197265625 0.3994140625 0.0263671875 0.0712890625
2 0.4267578125 0.6123046875 0.021484375 0.111328125
2 0.9609375 0.4111328125 0.02734375 0.0830078125
2 0.7880859375 0.6142578125 0.0234375 0.1015625
2 0.7158203125 0.556640625 0.021484375 0.0966796875
2 0.6953125 0.4619140625 0.0234375 0.08984375
2 0.5693359375 0.45703125 0.017578125 0.0927734375
2 0.447265625 0.4619140625 0.021484375 0.0908203125
2 0.4931640625 0.3583984375 0.0234375 0.0966796875
2 0.580078125 0.3095703125 0.015625 0.0791015625
2 0.6044921875 0.314453125 0.02734375 0.0673828125
0 0.5458984375 0.3466796875 0.009765625 0.0224609375
3 0.6962890625 0.224609375 0.0166015625 0.0625