2 0.0546875 0.576171875 0.0205078125 0.068359375
2 0.048828125 0.5341796875 0.0166015625 0.083984375
2 0.16015625 0.701171875 0.01953125 0.087890625
2 0.1123046875 0.40625 0.0107421875 0.072265625
2 0.181640625 0.505859375 0.01953125 0.0693359375
2 0.15234375 0.375 0.0146484375 0.0625
2 0.1728515625 0.25390625 0.01171875 0.05078125
3 0.2109375 0.1787109375 0.0107421875 0.03515625
2 0.2802734375 0.1875 0.0107421875 0.044921875
2 0.2578125 0.423828125 0.013671875 0.0693359375
2 0.3310546875 0.3408203125 0.0126953125 0.0615234375
2 0.4404296875 0.25390625 0.009765625 0.0546875
2 0.5126953125 0.4765625 0.01171875 0.0625
3 0.5712890625 0.677734375 0.0166015625 0.0771484375
2 0.5849609375 0.357421875 0.0078125 0.0537109375
2 0.669921875 0.4326171875 0.01171875 0.068359375
2 0.68359375 0.4423828125 0.0166015625 0.0546875
2 0.7080078125 0.267578125 0.009765625 0.044921875
2 0.8115234375 0.4267578125 0.0107421875 0.05859375
2 0.8251953125 0.369140625 0.0107421875 0.0546875
2 0.8408203125 0.4150390625 0.0146484375 0.0390625
1 0.9951171875 0.369140625 0.009765625 0.0654296875