2 0.9814453125 0.513671875 0.02734375 0.142578125
2 0.73828125 0.630859375 0.02734375 0.1552734375
2 0.92578125 0.28515625 0.015625 0.09375
2 0.578125 0.3583984375 0.015625 0.107421875
2 0.5302734375 0.42578125 0.0244140625 0.1162109375
2 0.5439453125 0.3505859375 0.021484375 0.0927734375
2 0.5283203125 0.318359375 0.0146484375 0.0810546875
2 0.490234375 0.3115234375 0.017578125 0.0791015625
0 0.484375 0.3447265625 0.0078125 0.01171875
3 0.4599609375 0.431640625 0.025390625 0.123046875
3 0.1826171875 0.2373046875 0.009765625 0.0693359375
2 0.2119140625 0.28125 0.0166015625 0.087890625
2 0.2041015625 0.37890625 0.0234375 0.1064453125
2 0.1416015625 0.3310546875 0.0224609375 0.095703125