2 0.08984375 0.7939453125 0.037109375 0.0927734375
2 0.123046875 0.7900390625 0.0224609375 0.0859375
2 0.3896484375 0.591796875 0.0224609375 0.08203125
2 0.3876953125 0.7578125 0.017578125 0.09375
2 0.361328125 0.8056640625 0.025390625 0.0908203125
2 0.595703125 0.52734375 0.01953125 0.0849609375
2 0.5498046875 0.40625 0.0185546875 0.0712890625
2 0.5078125 0.4052734375 0.025390625 0.0625
2 0.798828125 0.521484375 0.013671875 0.0791015625
2 0.7607421875 0.607421875 0.0166015625 0.078125
2 0.7001953125 0.8505859375 0.0205078125 0.107421875
2 0.6376953125 0.3876953125 0.0107421875 0.0625
2 0.62890625 0.3759765625 0.01171875 0.0751953125
1 0.2861328125 0.33203125 0.0126953125 0.0478515625
3 0.7783203125 0.572265625 0.0107421875 0.0703125
0 0.185546875 0.6123046875 0.013671875 0.0224609375
3 0.7685546875 0.2060546875 0.0146484375 0.0390625