2 0.107421875 0.3408203125 0.01171875 0.076171875
2 0.2587890625 0.5791015625 0.0166015625 0.078125
2 0.3125 0.587890625 0.0166015625 0.0693359375
2 0.298828125 0.4814453125 0.0126953125 0.0771484375
2 0.361328125 0.482421875 0.0146484375 0.07421875
2 0.404296875 0.4208984375 0.01171875 0.0732421875
3 0.5390625 0.521484375 0.0126953125 0.0732421875
2 0.6123046875 0.81640625 0.021484375 0.1005859375
2 0.5732421875 0.65625 0.0205078125 0.083984375
2 0.5908203125 0.60546875 0.0166015625 0.0830078125
2 0.6103515625 0.5224609375 0.01953125 0.083984375
2 0.6591796875 0.48828125 0.025390625 0.083984375
2 0.5859375 0.3232421875 0.015625 0.0625
2 0.6689453125 0.4091796875 0.0185546875 0.05859375
2 0.7900390625 0.3955078125 0.015625 0.0732421875
2 0.87890625 0.4716796875 0.013671875 0.076171875
2 0.9130859375 0.49609375 0.017578125 0.0771484375
2 0.78515625 0.2646484375 0.0126953125 0.044921875
0 0.75390625 0.3466796875 0.0068359375 0.0107421875