2 0.265625 0.7587890625 0.0380859375 0.1025390625
2 0.3056640625 0.7216796875 0.04296875 0.115234375
2 0.2353515625 0.58984375 0.021484375 0.142578125
2 0.3505859375 0.6416015625 0.029296875 0.1220703125
0 0.28125 0.62890625 0.0107421875 0.0234375
3 0.306640625 0.3828125 0.01953125 0.1142578125
2 0.3974609375 0.294921875 0.029296875 0.103515625
3 0.859375 0.83203125 0.025390625 0.1298828125
2 0.5166015625 0.662109375 0.0361328125 0.1376953125
2 0.6318359375 0.59765625 0.025390625 0.091796875
2 0.666015625 0.3125 0.025390625 0.0927734375
2 0.6845703125 0.2802734375 0.01953125 0.091796875
2 0.68359375 0.3251953125 0.017578125 0.1044921875
2 0.681640625 0.2080078125 0.01953125 0.1064453125
2 0.705078125 0.3232421875 0.0224609375 0.0966796875
2 0.7294921875 0.287109375 0.0185546875 0.091796875
2 0.7294921875 0.3076171875 0.017578125 0.076171875
2 0.7275390625 0.3876953125 0.025390625 0.1181640625
2 0.7255859375 0.3974609375 0.0302734375 0.0908203125
2 0.7607421875 0.3505859375 0.0224609375 0.1142578125
2 0.7626953125 0.3515625 0.01953125 0.1005859375