2 0.9140625 0.765625 0.0322265625 0.146484375
2 0.8603515625 0.6533203125 0.0234375 0.1298828125
2 0.609375 0.4765625 0.0224609375 0.1162109375
2 0.5537109375 0.5087890625 0.0263671875 0.1103515625
2 0.4453125 0.6572265625 0.0205078125 0.126953125
2 0.529296875 0.427734375 0.01953125 0.0966796875
2 0.392578125 0.509765625 0.0263671875 0.115234375
2 0.3466796875 0.505859375 0.03125 0.099609375
2 0.2939453125 0.529296875 0.03125 0.1005859375
1 0.396484375 0.45703125 0.0283203125 0.087890625
3 0.703125 0.6865234375 0.0263671875 0.142578125
0 0.3515625 0.4560546875 0.009765625 0.017578125