2 0.1865234375 0.439453125 0.0146484375 0.087890625
2 0.197265625 0.505859375 0.013671875 0.078125
3 0.2109375 0.498046875 0.0166015625 0.0947265625
2 0.23046875 0.521484375 0.021484375 0.0869140625
2 0.2568359375 0.3134765625 0.017578125 0.0703125
2 0.302734375 0.6220703125 0.0146484375 0.091796875
2 0.3876953125 0.357421875 0.0185546875 0.07421875
2 0.55859375 0.4580078125 0.01953125 0.0947265625
2 0.5849609375 0.4443359375 0.025390625 0.0732421875
2 0.697265625 0.7783203125 0.0263671875 0.1201171875
2 0.677734375 0.5205078125 0.01953125 0.087890625
2 0.68359375 0.48046875 0.0185546875 0.083984375
2 0.71484375 0.5302734375 0.0244140625 0.0986328125
1 0.765625 0.4501953125 0.0224609375 0.087890625
0 0.3544921875 0.3310546875 0.0078125 0.015625