0 0.298828125 0.3564453125 0.0087890625 0.0185546875
3 0.6279296875 0.4921875 0.0234375 0.0771484375
2 0.96484375 0.95703125 0.033203125 0.0859375
2 0.955078125 0.615234375 0.0283203125 0.0888671875
2 0.966796875 0.5556640625 0.0205078125 0.0869140625
2 0.3974609375 0.9267578125 0.0341796875 0.119140625
2 0.6240234375 0.6552734375 0.0283203125 0.1103515625
2 0.5654296875 0.5537109375 0.01953125 0.099609375
2 0.5849609375 0.4326171875 0.01953125 0.072265625
2 0.4912109375 0.349609375 0.033203125 0.0703125
2 0.4140625 0.4091796875 0.0263671875 0.05859375
2 0.2900390625 0.396484375 0.015625 0.0703125
2 0.2744140625 0.4189453125 0.0244140625 0.0703125
2 0.2197265625 0.291015625 0.0078125 0.06640625
2 0.1513671875 0.6669921875 0.0263671875 0.1083984375
2 0.0693359375 0.546875 0.021484375 0.0986328125
2 0.1005859375 0.474609375 0.0166015625 0.078125
2 0.119140625 0.5 0.0234375 0.0888671875
3 0.24609375 0.2275390625 0.015625 0.044921875