2 0.025390625 0.5498046875 0.0224609375 0.10546875
3 0.099609375 0.4765625 0.025390625 0.08984375
1 0.8798828125 0.4111328125 0.01953125 0.0966796875
2 0.20703125 0.7119140625 0.03125 0.10546875
0 0.8115234375 0.7314453125 0.0107421875 0.0234375
2 0.869140625 0.7060546875 0.025390625 0.0888671875
2 0.294921875 0.5556640625 0.01953125 0.0810546875
2 0.3369140625 0.4560546875 0.013671875 0.095703125
2 0.349609375 0.49609375 0.0166015625 0.0859375
2 0.4921875 0.4873046875 0.0234375 0.095703125
2 0.4619140625 0.439453125 0.021484375 0.0888671875
2 0.4404296875 0.404296875 0.013671875 0.0966796875
2 0.3974609375 0.3544921875 0.0166015625 0.0888671875
2 0.12890625 0.40234375 0.0126953125 0.07421875