2 0.16796875 0.6396484375 0.0341796875 0.13671875
2 0.203125 0.5703125 0.02734375 0.1328125
2 0.296875 0.65625 0.0166015625 0.1181640625
2 0.3095703125 0.486328125 0.01953125 0.125
2 0.326171875 0.4716796875 0.01953125 0.1328125
2 0.373046875 0.6123046875 0.0263671875 0.1142578125
2 0.4453125 0.5458984375 0.0283203125 0.1416015625
2 0.4716796875 0.4189453125 0.021484375 0.1123046875
1 0.3291015625 0.4130859375 0.01953125 0.08203125
2 0.4990234375 0.3876953125 0.02734375 0.1123046875
2 0.5751953125 0.375 0.01953125 0.14453125
2 0.615234375 0.546875 0.0283203125 0.1259765625
2 0.61328125 0.7587890625 0.0390625 0.1396484375
2 0.71875 0.4404296875 0.0283203125 0.1357421875
2 0.75390625 0.33984375 0.0234375 0.1181640625
1 0.6396484375 0.6279296875 0.03125 0.1162109375
1 0.8544921875 0.1787109375 0.0166015625 0.0732421875