3 0.3525390625 0.4599609375 0.0302734375 0.0908203125
1 0.8818359375 0.328125 0.0244140625 0.0693359375
2 0.041015625 0.5703125 0.02734375 0.0947265625
2 0.205078125 0.515625 0.021484375 0.0859375
2 0.1943359375 0.3818359375 0.0166015625 0.0693359375
2 0.3271484375 0.265625 0.0263671875 0.0654296875
2 0.4453125 0.7490234375 0.033203125 0.08203125
2 0.330078125 0.5673828125 0.01953125 0.099609375
2 0.4501953125 0.296875 0.015625 0.0771484375
2 0.4931640625 0.513671875 0.02734375 0.0849609375
2 0.5712890625 0.669921875 0.0380859375 0.0966796875
2 0.5712890625 0.3857421875 0.029296875 0.0849609375
2 0.658203125 0.4921875 0.033203125 0.1005859375
2 0.732421875 0.5078125 0.029296875 0.0888671875
2 0.8515625 0.5048828125 0.0283203125 0.09375
2 0.8681640625 0.60546875 0.0263671875 0.0966796875