2 0.05859375 0.6865234375 0.01953125 0.1015625
2 0.0576171875 0.4853515625 0.0166015625 0.0869140625
2 0.15625 0.44140625 0.0146484375 0.0751953125
2 0.31640625 0.40234375 0.017578125 0.078125
2 0.353515625 0.4775390625 0.0146484375 0.0771484375
2 0.34375 0.4130859375 0.0126953125 0.06640625
2 0.5693359375 0.58203125 0.021484375 0.0859375
2 0.6142578125 0.5849609375 0.0244140625 0.0810546875
2 0.5390625 0.3583984375 0.0185546875 0.07421875
2 0.642578125 0.4638671875 0.0146484375 0.0830078125
2 0.7255859375 0.3974609375 0.0166015625 0.0712890625
2 0.7421875 0.34765625 0.0166015625 0.0751953125
2 0.755859375 0.2998046875 0.015625 0.0654296875
2 0.7978515625 0.3154296875 0.013671875 0.0615234375
2 0.853515625 0.427734375 0.0126953125 0.08203125
2 0.8896484375 0.3837890625 0.0166015625 0.0830078125
2 0.94140625 0.4462890625 0.01953125 0.0859375
3 0.50390625 0.4150390625 0.015625 0.08203125