1 0.2158203125 0.40234375 0.0244140625 0.0810546875
2 0.3974609375 0.5439453125 0.021484375 0.0791015625
2 0.4482421875 0.5673828125 0.0234375 0.083984375
2 0.4921875 0.423828125 0.015625 0.072265625
2 0.515625 0.4482421875 0.01953125 0.072265625
2 0.572265625 0.494140625 0.01953125 0.0947265625
2 0.6279296875 0.3740234375 0.015625 0.0791015625
2 0.65625 0.4169921875 0.0185546875 0.0615234375
2 0.7890625 0.259765625 0.017578125 0.0673828125
2 0.7314453125 0.447265625 0.021484375 0.0771484375
2 0.7314453125 0.607421875 0.0224609375 0.095703125
2 0.9443359375 0.4482421875 0.0224609375 0.099609375
3 0.7421875 0.552734375 0.025390625 0.09765625
3 0.7958984375 0.21875 0.0126953125 0.056640625
0 0.498046875 0.4931640625 0.0087890625 0.0166015625