2 0.0927734375 0.6083984375 0.0205078125 0.103515625
2 0.248046875 0.8203125 0.0234375 0.087890625
2 0.2646484375 0.64453125 0.01953125 0.0927734375
2 0.1162109375 0.46875 0.0185546875 0.0791015625
2 0.20703125 0.35546875 0.0126953125 0.0576171875
2 0.294921875 0.2900390625 0.013671875 0.044921875
2 0.3046875 0.3603515625 0.017578125 0.0498046875
2 0.3447265625 0.41015625 0.009765625 0.05078125
2 0.353515625 0.4248046875 0.013671875 0.064453125
2 0.421875 0.5107421875 0.0185546875 0.064453125
2 0.4189453125 0.6826171875 0.021484375 0.0986328125
2 0.5751953125 0.38671875 0.0146484375 0.0673828125
2 0.568359375 0.3330078125 0.015625 0.052734375
2 0.708984375 0.486328125 0.015625 0.0732421875
2 0.734375 0.5439453125 0.0185546875 0.0810546875
2 0.8134765625 0.6279296875 0.015625 0.083984375
2 0.85546875 0.8125 0.0244140625 0.107421875
0 0.28515625 0.439453125 0.0048828125 0.015625
3 0.388671875 0.4306640625 0.0126953125 0.076171875