2 0.2255859375 0.734375 0.029296875 0.087890625
0 0.2275390625 0.7705078125 0.0078125 0.0234375
2 0.2568359375 0.7041015625 0.0341796875 0.0908203125
1 0.2724609375 0.4208984375 0.0263671875 0.087890625
2 0.51953125 0.5341796875 0.0224609375 0.107421875
3 0.7021484375 0.7177734375 0.0283203125 0.1171875
2 0.865234375 0.705078125 0.0263671875 0.1171875
2 0.9599609375 0.474609375 0.025390625 0.0986328125
2 0.806640625 0.4267578125 0.0224609375 0.103515625
2 0.78125 0.50390625 0.025390625 0.0966796875
2 0.7197265625 0.5419921875 0.029296875 0.107421875
2 0.640625 0.439453125 0.02734375 0.107421875
2 0.544921875 0.4423828125 0.0224609375 0.0791015625
3 0.8701171875 0.22265625 0.0166015625 0.0751953125