3 0.015625 0.576171875 0.025390625 0.0947265625
2 0.2822265625 0.349609375 0.015625 0.0810546875
2 0.3310546875 0.38671875 0.0185546875 0.0703125
2 0.4462890625 0.40234375 0.029296875 0.0654296875
2 0.482421875 0.38671875 0.013671875 0.0703125
2 0.4482421875 0.59375 0.017578125 0.0810546875
2 0.4736328125 0.591796875 0.0185546875 0.076171875
2 0.466796875 0.6767578125 0.015625 0.091796875
2 0.80078125 0.7607421875 0.0185546875 0.1044921875
2 0.7705078125 0.6396484375 0.0224609375 0.0986328125
2 0.7060546875 0.462890625 0.0205078125 0.07421875