0 0.1953125 0.375 0.0078125 0.0205078125
2 0.296875 0.4248046875 0.0341796875 0.0830078125
2 0.341796875 0.603515625 0.0400390625 0.1572265625
2 0.5068359375 0.576171875 0.0322265625 0.1220703125
2 0.458984375 0.5048828125 0.0439453125 0.134765625
2 0.4306640625 0.3466796875 0.021484375 0.126953125
2 0.7841796875 0.7333984375 0.0458984375 0.1494140625
2 0.806640625 0.5322265625 0.0244140625 0.15234375
2 0.7890625 0.4375 0.037109375 0.1259765625
1 0.3251953125 0.333984375 0.0625 0.052734375
3 0.9267578125 0.740234375 0.0361328125 0.1416015625