2 0.1220703125 0.56640625 0.01953125 0.0888671875
2 0.26171875 0.8427734375 0.025390625 0.115234375
2 0.294921875 0.8486328125 0.0244140625 0.103515625
2 0.4306640625 0.736328125 0.029296875 0.0732421875
2 0.466796875 0.35546875 0.0107421875 0.078125
3 0.53125 0.4521484375 0.0185546875 0.0654296875
2 0.5830078125 0.755859375 0.0224609375 0.0888671875
2 0.6630859375 0.8642578125 0.0224609375 0.091796875
2 0.6806640625 0.6015625 0.013671875 0.080078125
2 0.6005859375 0.4072265625 0.0166015625 0.064453125
2 0.6240234375 0.302734375 0.0166015625 0.060546875
2 0.7978515625 0.3046875 0.0107421875 0.0537109375
2 0.8125 0.4482421875 0.0146484375 0.076171875
2 0.8486328125 0.5498046875 0.0205078125 0.0859375
2 0.8876953125 0.7509765625 0.025390625 0.0859375
2 0.9638671875 0.6025390625 0.013671875 0.087890625
2 0.9306640625 0.4765625 0.025390625 0.0927734375
2 0.8984375 0.3994140625 0.0205078125 0.0654296875
2 0.853515625 0.4033203125 0.015625 0.064453125
2 0.82421875 0.3134765625 0.01171875 0.0498046875
0 0.5341796875 0.74609375 0.0107421875 0.0146484375