2 0.3056640625 0.8583984375 0.0244140625 0.107421875
2 0.017578125 0.6923828125 0.0244140625 0.0849609375
2 0.021484375 0.3955078125 0.0185546875 0.083984375
3 0.22265625 0.548828125 0.025390625 0.08984375
2 0.369140625 0.8486328125 0.0302734375 0.1015625
2 0.6884765625 0.8740234375 0.0205078125 0.107421875
0 0.7060546875 0.8046875 0.015625 0.0166015625
2 0.7919921875 0.765625 0.0263671875 0.1044921875
3 0.994140625 0.7236328125 0.01171875 0.107421875
2 0.8076171875 0.673828125 0.0234375 0.08203125
2 0.6337890625 0.6904296875 0.0185546875 0.099609375
2 0.5634765625 0.59765625 0.01953125 0.0703125
2 0.6162109375 0.49609375 0.0244140625 0.0927734375
2 0.5244140625 0.42578125 0.0234375 0.0849609375
2 0.423828125 0.4345703125 0.01953125 0.06640625
2 0.3505859375 0.341796875 0.0166015625 0.0576171875
2 0.3125 0.34765625 0.0166015625 0.05859375
1 0.5732421875 0.3095703125 0.0263671875 0.056640625