2 0.3828125 0.4443359375 0.03125 0.1240234375
2 0.5732421875 0.6201171875 0.03125 0.10546875
2 0.7744140625 0.744140625 0.041015625 0.1103515625
2 0.5830078125 0.5048828125 0.02734375 0.1103515625
2 0.5517578125 0.3564453125 0.017578125 0.0810546875
0 0.5712890625 0.3564453125 0.0078125 0.0126953125
2 0.59375 0.3193359375 0.025390625 0.0927734375
3 0.5947265625 0.2578125 0.02734375 0.0732421875
3 0.9033203125 0.525390625 0.03125 0.1103515625
2 0.9150390625 0.4169921875 0.0205078125 0.0810546875
2 0.66015625 0.3720703125 0.0244140625 0.0439453125
2 0.685546875 0.3583984375 0.0263671875 0.0732421875
2 0.68359375 0.4248046875 0.025390625 0.10546875