2 0.021484375 0.4775390625 0.017578125 0.12109375
2 0.12890625 0.697265625 0.0361328125 0.150390625
2 0.3134765625 0.7060546875 0.033203125 0.150390625
2 0.267578125 0.6064453125 0.0205078125 0.130859375
2 0.3134765625 0.525390625 0.02734375 0.1083984375
2 0.353515625 0.3935546875 0.02734375 0.08203125
3 0.4306640625 0.3125 0.0185546875 0.0712890625
2 0.5458984375 0.3515625 0.0185546875 0.06640625
2 0.568359375 0.482421875 0.03125 0.1044921875
2 0.7890625 0.6845703125 0.0341796875 0.1396484375
2 0.806640625 0.48828125 0.029296875 0.10546875
3 0.828125 0.5126953125 0.033203125 0.1123046875
2 0.9716796875 0.4931640625 0.0224609375 0.107421875
0 0.5419921875 0.40234375 0.005859375 0.0126953125