2 0.7568359375 0.6474609375 0.033203125 0.1181640625
2 0.6044921875 0.509765625 0.013671875 0.07421875
2 0.5498046875 0.404296875 0.017578125 0.07421875
2 0.361328125 0.466796875 0.0166015625 0.080078125
2 0.310546875 0.4755859375 0.0166015625 0.076171875
2 0.2861328125 0.4208984375 0.015625 0.072265625
2 0.27734375 0.380859375 0.0126953125 0.0625
2 0.2607421875 0.3623046875 0.013671875 0.0615234375
2 0.32421875 0.3095703125 0.01171875 0.0537109375
2 0.3046875 0.287109375 0.0126953125 0.048828125
2 0.53515625 0.2744140625 0.0078125 0.05078125
2 0.611328125 0.376953125 0.0126953125 0.0537109375
2 0.6455078125 0.271484375 0.009765625 0.0458984375
2 0.6767578125 0.2470703125 0.009765625 0.0458984375
2 0.6884765625 0.3095703125 0.0126953125 0.0546875
2 0.763671875 0.28515625 0.0107421875 0.048828125
2 0.818359375 0.349609375 0.013671875 0.0810546875
2 0.8759765625 0.25 0.013671875 0.0498046875
2 0.908203125 0.26171875 0.0126953125 0.05078125
3 0.6845703125 0.4150390625 0.0234375 0.060546875
0 0.6669921875 0.6787109375 0.0107421875 0.0166015625