2 0.017578125 0.37890625 0.0224609375 0.09765625
2 0.1806640625 0.4287109375 0.017578125 0.103515625
2 0.240234375 0.3701171875 0.0185546875 0.0859375
2 0.314453125 0.3369140625 0.0166015625 0.07421875
3 0.3232421875 0.400390625 0.01953125 0.1123046875
2 0.47265625 0.3828125 0.0166015625 0.0966796875
2 0.5810546875 0.349609375 0.0302734375 0.0419921875
2 0.6484375 0.3583984375 0.0126953125 0.09375
2 0.6357421875 0.4619140625 0.0205078125 0.1142578125
2 0.7138671875 0.4423828125 0.0302734375 0.09375
2 0.7919921875 0.517578125 0.0283203125 0.1142578125
2 0.76171875 0.4267578125 0.01953125 0.1162109375
2 0.8134765625 0.4091796875 0.0244140625 0.1044921875
2 0.837890625 0.3671875 0.0205078125 0.08984375
2 0.9130859375 0.5458984375 0.025390625 0.142578125
2 0.990234375 0.39453125 0.0166015625 0.1162109375