2 0.1767578125 0.400390625 0.0126953125 0.0830078125
2 0.203125 0.4638671875 0.013671875 0.0732421875
2 0.19921875 0.2890625 0.01171875 0.060546875
2 0.2236328125 0.47265625 0.013671875 0.0830078125
2 0.3291015625 0.427734375 0.0166015625 0.0693359375
2 0.3828125 0.486328125 0.0185546875 0.072265625
2 0.5029296875 0.5419921875 0.017578125 0.0849609375
2 0.4072265625 0.375 0.0205078125 0.072265625
2 0.4501953125 0.2978515625 0.0166015625 0.0615234375
2 0.4677734375 0.359375 0.015625 0.064453125
2 0.5361328125 0.3837890625 0.0078125 0.0693359375
2 0.5517578125 0.3837890625 0.015625 0.0615234375
2 0.6728515625 0.3359375 0.0185546875 0.072265625
2 0.744140625 0.4423828125 0.0224609375 0.0654296875
2 0.765625 0.58203125 0.0224609375 0.0712890625
3 0.45703125 0.46484375 0.0224609375 0.0810546875