2 0.1259765625 0.5439453125 0.0380859375 0.1201171875
2 0.212890625 0.693359375 0.0615234375 0.0947265625
2 0.275390625 0.4833984375 0.033203125 0.1171875
2 0.349609375 0.53515625 0.0263671875 0.125
2 0.5771484375 0.4130859375 0.0302734375 0.0986328125
2 0.6865234375 0.4775390625 0.02734375 0.1064453125
2 0.6708984375 0.390625 0.0302734375 0.0625
2 0.75390625 0.41796875 0.0419921875 0.0888671875
2 0.779296875 0.3798828125 0.0234375 0.10546875
2 0.7802734375 0.5166015625 0.0341796875 0.1201171875
1 0.341796875 0.359375 0.0302734375 0.0703125
3 0.875 0.54296875 0.0419921875 0.1435546875
0 0.203125 0.46875 0.0107421875 0.0185546875