1 0.173828125 0.4619140625 0.0263671875 0.123046875
3 0.87890625 0.4990234375 0.0302734375 0.111328125
3 0.7197265625 0.2607421875 0.017578125 0.0732421875
0 0.7099609375 0.3486328125 0.0107421875 0.0263671875
2 0.4169921875 0.5205078125 0.015625 0.12109375
2 0.4384765625 0.5703125 0.0166015625 0.107421875
2 0.5185546875 0.4345703125 0.0185546875 0.111328125
2 0.6767578125 0.36328125 0.0205078125 0.0947265625
2 0.6953125 0.5244140625 0.02734375 0.1005859375
2 0.818359375 0.3544921875 0.01953125 0.0849609375
2 0.8310546875 0.318359375 0.0244140625 0.0810546875
2 0.857421875 0.37890625 0.017578125 0.1005859375
2 0.912109375 0.55078125 0.0166015625 0.123046875