2 0.251953125 0.4912109375 0.0302734375 0.1240234375
2 0.234375 0.3818359375 0.0302734375 0.0615234375
2 0.2666015625 0.3818359375 0.0234375 0.0791015625
2 0.263671875 0.3271484375 0.0205078125 0.0478515625
2 0.2958984375 0.337890625 0.0126953125 0.0947265625
2 0.3173828125 0.361328125 0.0205078125 0.0966796875
3 0.4208984375 0.2724609375 0.025390625 0.0791015625
2 0.5 0.3974609375 0.0126953125 0.0849609375
2 0.5185546875 0.3720703125 0.0263671875 0.1142578125
3 0.5546875 0.3916015625 0.033203125 0.1201171875
2 0.8623046875 0.5771484375 0.0224609375 0.1337890625
2 0.88671875 0.3857421875 0.021484375 0.1005859375
2 0.875 0.3720703125 0.0146484375 0.1142578125