2 0.0244140625 0.5185546875 0.02734375 0.154296875
2 0.029296875 0.7666015625 0.0517578125 0.177734375
2 0.3798828125 0.43359375 0.0224609375 0.1259765625
2 0.4033203125 0.453125 0.037109375 0.0517578125
2 0.46875 0.421875 0.02734375 0.11328125
2 0.6181640625 0.3740234375 0.0361328125 0.1142578125
2 0.681640625 0.41796875 0.0400390625 0.109375
2 0.7724609375 0.7021484375 0.0419921875 0.189453125
2 0.962890625 0.48828125 0.0302734375 0.1533203125
2 0.802734375 0.3681640625 0.0322265625 0.10546875
2 0.8505859375 0.3740234375 0.0341796875 0.111328125
2 0.908203125 0.34375 0.0400390625 0.1015625
0 0.57421875 0.4423828125 0.009765625 0.0283203125
3 0.3203125 0.466796875 0.02734375 0.138671875