3 0.47578125 0.24296875 0.01171875 0.040625
3 0.48203125 0.26015625 0.00859375 0.040625
3 0.5953125 0.30546875 0.00859375 0.040625
2 0.19296875 0.22734375 0.009375 0.03828125
2 0.55859375 0.33515625 0.01015625 0.05390625
3 0.6453125 0.27265625 0.0125 0.04921875
3 0.3890625 0.33828125 0.01015625 0.05703125
3 0.79375 0.43203125 0.01796875 0.06875
3 0.428125 0.29453125 0.0109375 0.053125
3 0.59765625 0.3421875 0.01171875 0.053125
3 0.409375 0.34140625 0.009375 0.0546875
3 0.62890625 0.271875 0.01171875 0.0484375
3 0.746875 0.384375 0.0109375 0.05703125
3 0.078125 0.3890625 0.01015625 0.06171875
3 0.21328125 0.28515625 0.01484375 0.0484375
3 0.78828125 0.55625 0.01953125 0.071875
3 0.76484375 0.44296875 0.0171875 0.05625
3 0.709375 0.346875 0.01796875 0.0609375
3 0.5359375 0.42421875 0.02109375 0.0609375
3 0.6890625 0.70625 0.02109375 0.084375
3 0.23515625 0.37578125 0.015625 0.05859375
3 0.2125 0.56015625 0.01796875 0.0796875
1 0.2203125 0.30703125 0.00546875 0.01171875