2 0.33359375 0.20859375 0.01015625 0.0359375
3 0.56171875 0.2171875 0.015625 0.03984375
2 0.58984375 0.309375 0.01015625 0.05625
3 0.69140625 0.26796875 0.009375 0.04296875
3 0.67265625 0.28828125 0.009375 0.05078125
3 0.52734375 0.30390625 0.01015625 0.0484375
3 0.4625 0.4359375 0.01796875 0.06875
3 0.39453125 0.2921875 0.01640625 0.04921875
3 0.58984375 0.3640625 0.01171875 0.05859375
3 0.759375 0.35078125 0.01484375 0.05859375
3 0.48359375 0.35625 0.01171875 0.05859375
3 0.4546875 0.49609375 0.01484375 0.07578125
3 0.4359375 0.38828125 0.01328125 0.06484375
3 0.72734375 0.3140625 0.01171875 0.0546875
3 0.8484375 0.6359375 0.0171875 0.0765625
3 0.8328125 0.603125 0.015625 0.0734375
3 0.49765625 0.6640625 0.01796875 0.078125
3 0.84609375 0.46171875 0.015625 0.07109375
3 0.290625 0.39765625 0.01484375 0.06171875
3 0.46640625 0.63828125 0.01484375 0.08828125
3 0.64765625 0.4578125 0.015625 0.0640625
3 0.78515625 0.36640625 0.0125 0.06171875
1 0.40859375 0.31328125 0.00546875 0.0140625