3 0.48671875 0.284375 0.0125 0.053125
3 0.81953125 0.278125 0.01015625 0.04921875
3 0.60234375 0.18671875 0.01015625 0.03828125
3 0.34375 0.25 0.01015625 0.0484375
3 0.35859375 0.4265625 0.01328125 0.05859375
3 0.4953125 0.29609375 0.02265625 0.03828125
0 0.06953125 0.30234375 0.015625 0.04921875
3 0.790625 0.2515625 0.01015625 0.04921875
3 0.26640625 0.31640625 0.01171875 0.05078125
3 0.38671875 0.325 0.01328125 0.0515625
3 0.36484375 0.37578125 0.01640625 0.05
3 0.56484375 0.44140625 0.01328125 0.0703125
3 0.83125 0.296875 0.01171875 0.04921875
3 0.2453125 0.62109375 0.02890625 0.07109375
2 0.490625 0.40078125 0.015625 0.05546875
3 0.58359375 0.35859375 0.01171875 0.0546875
2 0.8671875 0.87109375 0.03515625 0.09609375
3 0.40859375 0.52421875 0.02421875 0.065625
3 0.30859375 0.4453125 0.02421875 0.06328125
3 0.375 0.60859375 0.0375 0.071875
3 0.8015625 0.471875 0.01796875 0.07109375
3 0.76640625 0.49375 0.01875 0.06640625
2 0.45859375 0.13046875 0.01015625 0.034375
1 0.465625 0.31640625 0.00546875 0.01171875
3 0.4875 0.2953125 0.01171875 0.04375