3 0.3578125 0.359375 0.00859375 0.03828125
3 0.52734375 0.25703125 0.00859375 0.02890625
3 0.40546875 0.26171875 0.00546875 0.02578125
3 0.421875 0.24765625 0.00703125 0.0265625
3 0.36015625 0.3390625 0.009375 0.04140625
3 0.4953125 0.27734375 0.0078125 0.02890625
3 0.69375 0.2609375 0.00859375 0.0296875
3 0.6203125 0.28984375 0.00703125 0.03359375
3 0.5484375 0.45234375 0.009375 0.04375
3 0.709375 0.35078125 0.01015625 0.040625
3 0.5453125 0.34765625 0.01015625 0.0359375
0 0.903125 0.33046875 0.00859375 0.0359375
3 0.9015625 0.42421875 0.01171875 0.04375
0 0.08359375 0.36328125 0.01328125 0.03984375
3 0.35078125 0.4484375 0.009375 0.04453125
3 0.63125 0.33046875 0.01328125 0.03828125
2 0.465625 0.34453125 0.00859375 0.0390625
3 0.42890625 0.41171875 0.009375 0.0453125
3 0.32578125 0.628125 0.01953125 0.05859375
3 0.76640625 0.590625 0.01484375 0.06171875
1 0.6828125 0.2734375 0.00390625 0.00703125
2 0.38828125 0.228125 0.00703125 0.028125
3 0.5 0.29609375 0.0109375 0.03125
3 0.35859375 0.31796875 0.00859375 0.03046875
3 0.60703125 0.2296875 0.00546875 0.025