3 0.54921875 0.24609375 0.009375 0.03203125
3 0.603125 0.2859375 0.0078125 0.0390625
3 0.34765625 0.2875 0.01328125 0.03984375
3 0.64453125 0.3234375 0.009375 0.04921875
3 0.39765625 0.3171875 0.0125 0.046875
3 0.4875 0.33203125 0.01015625 0.0484375
2 0.52578125 0.359375 0.01171875 0.053125
1 0.3625 0.62578125 0.0078125 0.0140625
3 0.76484375 0.43046875 0.02109375 0.05390625
3 0.51484375 0.521875 0.01328125 0.05546875
3 0.66875 0.36328125 0.01796875 0.05859375
3 0.29453125 0.4859375 0.0171875 0.06953125
3 0.57578125 0.38828125 0.0140625 0.06171875
3 0.08671875 0.54296875 0.0265625 0.075
3 0.284375 0.48203125 0.0140625 0.071875
3 0.4625 0.66796875 0.01953125 0.09921875
3 0.5796875 0.4546875 0.0234375 0.0515625
0 0.94765625 0.33046875 0.01640625 0.05078125
3 0.60078125 0.39140625 0.01640625 0.05859375
3 0.184375 0.34765625 0.015625 0.0546875
3 0.75078125 0.515625 0.02421875 0.06640625
3 0.72421875 0.53671875 0.0203125 0.08046875
2 0.23046875 0.24453125 0.01015625 0.03984375