3 0.68359375 0.29609375 0.009375 0.03984375
3 0.6703125 0.31171875 0.01640625 0.04296875
2 0.64453125 0.321875 0.00703125 0.0484375
3 0.70625 0.31796875 0.01328125 0.04375
3 0.76953125 0.3515625 0.01484375 0.05
3 0.6265625 0.3328125 0.01015625 0.04921875
3 0.58359375 0.29140625 0.01328125 0.04375
3 0.72109375 0.34375 0.0125 0.04921875
3 0.34296875 0.35390625 0.01015625 0.0515625
3 0.66171875 0.3625 0.015625 0.05078125
3 0.4625 0.29609375 0.0078125 0.04140625
3 0.4921875 0.33984375 0.00859375 0.0484375
3 0.78359375 0.36875 0.01640625 0.04609375
3 0.6046875 0.4265625 0.01484375 0.06015625
3 0.24140625 0.39375 0.01640625 0.059375
3 0.4265625 0.76875 0.02421875 0.103125
3 0.2546875 0.43828125 0.0140625 0.06171875
3 0.290625 0.46484375 0.02109375 0.06328125
3 0.38828125 0.77734375 0.02265625 0.10625
3 0.62109375 0.5390625 0.02578125 0.0734375
3 0.765625 0.46953125 0.01796875 0.06328125
3 0.8265625 0.390625 0.0171875 0.05390625
2 0.2984375 0.259375 0.0109375 0.03671875
3 0.6078125 0.253125 0.01015625 0.03984375
1 0.7171875 0.36171875 0.0046875 0.0109375