1 0.3640625 0.49921875 0.00859375 0.01328125
3 0.79140625 0.4734375 0.009375 0.03203125
3 0.58203125 0.378125 0.0171875 0.0390625
3 0.61328125 0.3234375 0.0140625 0.03671875
3 0.49765625 0.4328125 0.01484375 0.04921875
3 0.76484375 0.425 0.01875 0.04453125
3 0.52265625 0.396875 0.01171875 0.04375
3 0.81171875 0.40625 0.0203125 0.04453125
3 0.7890625 0.50859375 0.01328125 0.0609375
2 0.63125 0.48046875 0.0109375 0.0546875
3 0.51171875 0.46875 0.0109375 0.05546875
3 0.321875 0.4046875 0.00859375 0.0484375
3 0.77421875 0.47109375 0.01484375 0.05390625
3 0.47734375 0.46171875 0.0140625 0.053125
3 0.6125 0.47265625 0.01484375 0.05078125
3 0.4609375 0.54375 0.01328125 0.05859375
3 0.6 0.5609375 0.01171875 0.0640625
3 0.80390625 0.653125 0.0171875 0.06875
3 0.2921875 0.52265625 0.01796875 0.053125
3 0.459375 0.59453125 0.01484375 0.06484375
3 0.671875 0.6984375 0.01484375 0.07578125
3 0.359375 0.77421875 0.028125 0.08359375
2 0.371875 0.3109375 0.009375 0.03984375