3 0.59296875 0.4140625 0.01171875 0.04609375
3 0.47109375 0.59140625 0.01484375 0.07578125
1 0.5765625 0.6578125 0.01015625 0.01171875
3 0.58515625 0.446875 0.0203125 0.053125
3 0.5046875 0.36171875 0.01015625 0.05
3 0.36875 0.35625 0.01484375 0.05390625
3 0.70625 0.59921875 0.01640625 0.06484375
3 0.53828125 0.40625 0.015625 0.0515625
3 0.425 0.3515625 0.01015625 0.04921875
3 0.6015625 0.44453125 0.01484375 0.05703125
0 0.8859375 0.4421875 0.01328125 0.06015625
3 0.6359375 0.46953125 0.0140625 0.07578125
3 0.50546875 0.4296875 0.01015625 0.05703125
2 0.46328125 0.45390625 0.0125 0.05859375
3 0.55703125 0.50859375 0.01640625 0.06640625
3 0.4078125 0.528125 0.01484375 0.0640625
3 0.1015625 0.41953125 0.01328125 0.059375
3 0.69375 0.50078125 0.02578125 0.0640625
3 0.4859375 0.6046875 0.02109375 0.06484375
3 0.08125 0.5296875 0.0171875 0.06640625
3 0.2328125 0.52734375 0.01640625 0.065625
3 0.4796875 0.58203125 0.01953125 0.06953125