3 0.5765625 0.34765625 0.0109375 0.03828125
3 0.48203125 0.36640625 0.009375 0.034375
3 0.59921875 0.365625 0.01015625 0.0359375
3 0.48984375 0.365625 0.01171875 0.0359375
3 0.63515625 0.38671875 0.0125 0.03515625
3 0.2625 0.37890625 0.0171875 0.04296875
3 0.5359375 0.38125 0.01328125 0.0359375
0 0.0359375 0.46796875 0.0109375 0.0515625
3 0.73828125 0.4046875 0.01328125 0.03671875
3 0.45234375 0.4453125 0.009375 0.04609375
3 0.584375 0.43828125 0.01171875 0.04375
3 0.68828125 0.41875 0.01171875 0.04375
3 0.4796875 0.45625 0.01171875 0.04453125
3 0.3765625 0.52421875 0.00859375 0.05390625
2 0.65234375 0.43359375 0.01640625 0.0453125
3 0.796875 0.44375 0.0109375 0.046875
3 0.1125 0.60390625 0.0171875 0.0609375
3 0.60078125 0.609375 0.0203125 0.06171875
3 0.2671875 0.4328125 0.01484375 0.04375
2 0.82265625 0.88359375 0.02421875 0.0859375
3 0.75078125 0.63671875 0.01171875 0.0640625
3 0.79765625 0.5515625 0.01484375 0.0609375
2 0.33671875 0.3359375 0.01015625 0.03515625
1 0.58359375 0.384375 0.00703125 0.01171875
3 0.58359375 0.4234375 0.01171875 0.04296875