3 0.48125 0.48359375 0.0109375 0.03125
3 0.56015625 0.496875 0.009375 0.046875
0 0.821875 0.4265625 0.0140625 0.04453125
3 0.771875 0.5234375 0.00859375 0.05390625
3 0.68125 0.46328125 0.00859375 0.0484375
3 0.6859375 0.53203125 0.00859375 0.05390625
3 0.5875 0.41171875 0.01171875 0.04296875
3 0.478125 0.5125 0.02109375 0.053125
3 0.7640625 0.55703125 0.0125 0.05078125
3 0.69375 0.57578125 0.01171875 0.059375
3 0.55859375 0.4265625 0.0125 0.040625
3 0.725 0.5609375 0.01328125 0.03515625
3 0.35546875 0.43359375 0.01171875 0.04375
3 0.5796875 0.51953125 0.0109375 0.0484375
3 0.56953125 0.52734375 0.015625 0.05078125
2 0.60234375 0.50390625 0.01484375 0.05078125
2 0.93671875 0.703125 0.0234375 0.065625
3 0.45703125 0.51484375 0.0125 0.0515625
3 0.72265625 0.64609375 0.0125 0.06328125
3 0.3796875 0.5765625 0.015625 0.06796875
3 0.1609375 0.52421875 0.01171875 0.05546875
3 0.33671875 0.58125 0.01484375 0.05703125
3 0.51015625 0.62578125 0.02109375 0.06015625
2 0.146875 0.3484375 0.00859375 0.034375
1 0.5515625 0.53046875 0.00703125 0.01328125