3 0.5953125 0.178125 0.0109375 0.03984375
2 0.99140625 0.9765625 0.01484375 0.04453125
3 0.35 0.45625 0.01953125 0.071875
3 0.375 0.34296875 0.0140625 0.05859375
3 0.39375 0.290625 0.015625 0.0515625
3 0.7125 0.35546875 0.0140625 0.05859375
3 0.5765625 0.240625 0.0078125 0.046875
3 0.34296875 0.403125 0.01484375 0.06328125
3 0.78203125 0.28203125 0.01484375 0.05
2 0.475 0.434375 0.01328125 0.06875
3 0.275 0.55546875 0.01953125 0.078125
3 0.46484375 0.35078125 0.01171875 0.05546875
3 0.6328125 0.446875 0.01796875 0.0734375
3 0.31796875 0.434375 0.01484375 0.0640625
3 0.63359375 0.37421875 0.01328125 0.06015625
3 0.5140625 0.315625 0.01171875 0.0546875
3 0.80625 0.48046875 0.01640625 0.0765625
3 0.44609375 0.36953125 0.01484375 0.065625
3 0.5078125 0.56875 0.01640625 0.07890625
3 0.3921875 0.51328125 0.01796875 0.071875
3 0.42890625 0.89140625 0.02109375 0.1203125
3 0.3953125 0.2734375 0.01171875 0.04921875
2 0.471875 0.159375 0.00859375 0.040625
1 0.74609375 0.3140625 0.00546875 0.0109375