3 0.65078125 0.3359375 0.00859375 0.03359375
3 0.4234375 0.34375 0.00703125 0.03984375
3 0.7265625 0.29453125 0.00859375 0.03203125
3 0.7796875 0.29296875 0.0078125 0.03046875
3 0.4265625 0.37421875 0.01015625 0.0453125
3 0.415625 0.3828125 0.00859375 0.0453125
3 0.65 0.3609375 0.0109375 0.040625
3 0.48515625 0.42421875 0.0109375 0.046875
3 0.5515625 0.30625 0.00703125 0.03203125
0 0.00703125 0.41171875 0.0125 0.04921875
3 0.59453125 0.35390625 0.01171875 0.040625
3 0.525 0.4546875 0.0140625 0.05
3 0.8703125 0.428125 0.01171875 0.05
3 0.784375 0.36328125 0.01015625 0.040625
3 0.75 0.44375 0.01328125 0.0484375
3 0.928125 0.43203125 0.01171875 0.05
2 0.5734375 0.40703125 0.01015625 0.0484375
3 0.3765625 0.453125 0.01171875 0.05390625
3 0.4265625 0.66953125 0.0171875 0.06484375
3 0.80234375 0.6515625 0.015625 0.06796875
3 0.38984375 0.53046875 0.01171875 0.0609375
3 0.51015625 0.7109375 0.02421875 0.06875
2 0.4234375 0.26953125 0.00703125 0.03203125
1 0.7375 0.3203125 0.00625 0.009375