3 0.54921875 0.409375 0.00625 0.028125
3 0.27890625 0.44453125 0.00859375 0.03046875
3 0.5390625 0.41953125 0.00703125 0.02578125
3 0.65546875 0.43671875 0.01015625 0.03515625
3 0.18828125 0.49609375 0.01171875 0.03515625
3 0.50390625 0.48203125 0.0078125 0.034375
3 0.61875 0.515625 0.01015625 0.03984375
3 0.21171875 0.49375 0.00859375 0.0359375
3 0.3265625 0.5046875 0.0078125 0.03671875
3 0.11953125 0.63125 0.01953125 0.0484375
3 0.596875 0.70546875 0.015625 0.06015625
2 0.35078125 0.5375 0.01796875 0.04453125
3 0.60390625 0.53125 0.009375 0.04140625
3 0.3578125 0.56796875 0.01953125 0.04375
3 0.071875 0.56953125 0.0203125 0.0453125
3 0.30546875 0.503125 0.0140625 0.04140625
0 0.8671875 0.46171875 0.01171875 0.034375
3 0.81953125 0.57109375 0.0109375 0.05078125
3 0.87734375 0.59609375 0.0171875 0.04921875
2 0.91640625 0.69296875 0.01640625 0.06015625
3 0.73828125 0.67109375 0.015625 0.05625
3 0.1515625 0.68515625 0.02578125 0.05390625
3 0.39453125 0.428125 0.01015625 0.03203125
1 0.0765625 0.56796875 0.00625 0.01015625