3 0.38046875 0.51015625 0.0125 0.0390625
3 0.4734375 0.37578125 0.0078125 0.03046875
3 0.38984375 0.53359375 0.01640625 0.04296875
3 0.4609375 0.39140625 0.0078125 0.03125
3 0.2890625 0.4796875 0.01015625 0.040625
3 0.29453125 0.40078125 0.00703125 0.03828125
3 0.2 0.4234375 0.01015625 0.03984375
3 0.14765625 0.50703125 0.01328125 0.05
1 0.75703125 0.75234375 0.00546875 0.01171875
3 0.31796875 0.63359375 0.02109375 0.05
3 0.30546875 0.4671875 0.01171875 0.04375
3 0.93046875 0.55390625 0.01953125 0.05078125
3 0.4546875 0.434375 0.0078125 0.040625
3 0.6234375 0.4015625 0.00859375 0.040625
3 0.7640625 0.7140625 0.03046875 0.06484375
0 0.8546875 0.43515625 0.01171875 0.04453125
3 0.709375 0.68359375 0.01875 0.06015625
3 0.59765625 0.48046875 0.009375 0.04921875
3 0.5828125 0.465625 0.009375 0.04375
3 0.09921875 0.54140625 0.01953125 0.04921875
3 0.7875 0.53671875 0.021875 0.05703125
3 0.31171875 0.6109375 0.02578125 0.03984375
2 0.16875 0.37578125 0.00859375 0.03359375
3 0.146875 0.4921875 0.01328125 0.053125