3 0.55234375 0.35390625 0.0125 0.03671875
3 0.6765625 0.40390625 0.01015625 0.0390625
3 0.68359375 0.425 0.01015625 0.03515625
3 0.71015625 0.39921875 0.009375 0.04140625
3 0.5578125 0.38671875 0.0109375 0.04296875
3 0.3328125 0.37578125 0.01015625 0.03828125
2 0.121875 0.36171875 0.01015625 0.0390625
3 0.66796875 0.35078125 0.0078125 0.03828125
0 0.8453125 0.39375 0.009375 0.04296875
3 0.17265625 0.446875 0.00859375 0.0453125
3 0.75859375 0.4359375 0.01015625 0.046875
3 0.73984375 0.4265625 0.01015625 0.046875
3 0.3890625 0.36484375 0.0078125 0.0390625
3 0.125 0.44296875 0.01875 0.0546875
3 0.4375 0.4234375 0.01328125 0.04609375
2 0.52109375 0.38125 0.0140625 0.040625
3 0.82578125 0.46796875 0.0125 0.05703125
3 0.6234375 0.36875 0.01015625 0.04140625
3 0.36953125 0.44921875 0.0140625 0.04609375
3 0.17734375 0.47734375 0.0125 0.05078125
3 0.45078125 0.565625 0.0265625 0.05859375
3 0.69921875 0.45078125 0.01640625 0.0484375
3 0.55625 0.33828125 0.00859375 0.03203125