3 0.6890625 0.44140625 0.00625 0.03046875
3 0.4296875 0.43671875 0.00546875 0.0296875
3 0.43046875 0.4765625 0.00703125 0.034375
3 0.52890625 0.44453125 0.00546875 0.03125
3 0.74296875 0.54921875 0.01328125 0.040625
3 0.29609375 0.47265625 0.00859375 0.034375
3 0.77265625 0.48046875 0.00859375 0.0390625
3 0.1078125 0.55859375 0.00859375 0.04375
3 0.375 0.4921875 0.0078125 0.03828125
3 0.61796875 0.51875 0.00859375 0.040625
2 0.9484375 0.784375 0.02578125 0.0703125
3 0.21640625 0.6015625 0.01015625 0.04296875
2 0.415625 0.51953125 0.01171875 0.0390625
3 0.9265625 0.61875 0.01015625 0.05390625
0 0.12734375 0.53046875 0.01328125 0.03671875
3 0.4734375 0.50859375 0.0078125 0.03828125
3 0.39765625 0.58125 0.0078125 0.046875
3 0.86953125 0.6109375 0.0203125 0.05
3 0.65546875 0.5609375 0.009375 0.0453125
3 0.6171875 0.71640625 0.01796875 0.05625
3 0.21796875 0.68828125 0.0125 0.05625
3 0.75859375 0.69140625 0.01484375 0.06328125
3 0.703125 0.440625 0.00703125 0.03359375
1 0.12734375 0.53046875 0.00546875 0.01015625