3 0.35859375 0.34375 0.01171875 0.04140625
3 0.41796875 0.26171875 0.00859375 0.03828125
3 0.66640625 0.37109375 0.0125 0.046875
3 0.178125 0.46640625 0.0140625 0.03828125
3 0.359375 0.37265625 0.01015625 0.05625
3 0.32890625 0.2984375 0.00859375 0.04140625
3 0.534375 0.31640625 0.01328125 0.03984375
3 0.17890625 0.509375 0.01484375 0.07421875
3 0.471875 0.34140625 0.01015625 0.04609375
3 0.72578125 0.29140625 0.009375 0.04609375
3 0.4625 0.4453125 0.01328125 0.06484375
3 0.66015625 0.38671875 0.0125 0.0546875
3 0.8484375 0.3890625 0.01015625 0.06015625
3 0.246875 0.39453125 0.01640625 0.06015625
3 0.22265625 0.37890625 0.01328125 0.059375
3 0.5265625 0.71953125 0.01796875 0.096875
3 0.20859375 0.43359375 0.01796875 0.06484375
3 0.58046875 0.45859375 0.0125 0.071875
2 0.375 0.45078125 0.01328125 0.06875
3 0.4921875 0.47734375 0.0171875 0.06796875
3 0.87421875 0.57421875 0.01953125 0.08671875
2 0.29296875 0.24765625 0.0109375 0.040625
1 0.671875 0.38671875 0.00703125 0.01328125