3 0.053125 0.64375 0.02109375 0.0640625
3 0.775 0.3703125 0.01171875 0.040625
0 0.15390625 0.3609375 0.0125 0.046875
3 0.42265625 0.371875 0.01328125 0.03984375
3 0.7265625 0.34921875 0.01328125 0.040625
3 0.290625 0.459375 0.01171875 0.05625
3 0.40625 0.39296875 0.01484375 0.0453125
2 0.44296875 0.46171875 0.01328125 0.059375
3 0.265625 0.4578125 0.0140625 0.05625
3 0.29140625 0.60859375 0.01484375 0.07578125
3 0.4234375 0.5765625 0.01640625 0.078125
3 0.3609375 0.52890625 0.0109375 0.06953125
3 0.2359375 0.55546875 0.01953125 0.06953125
3 0.0640625 0.5953125 0.03359375 0.0609375
3 0.64140625 0.65703125 0.0203125 0.08828125
3 0.65 0.5453125 0.0171875 0.06640625
3 0.91328125 0.6375 0.01640625 0.08046875
3 0.54296875 0.65078125 0.02109375 0.08046875
3 0.528125 0.478125 0.01640625 0.05859375
3 0.78828125 0.6484375 0.0234375 0.0859375
3 0.3171875 0.62109375 0.01953125 0.08203125
3 0.85859375 0.49140625 0.01640625 0.0640625
2 0.5171875 0.27890625 0.00859375 0.03515625