3 0.5953125 0.25703125 0.01171875 0.0359375
3 0.5640625 0.3015625 0.0109375 0.02890625
3 0.69609375 0.24375 0.0109375 0.03671875
3 0.73203125 0.25390625 0.00859375 0.040625
3 0.2625 0.253125 0.00703125 0.03984375
3 0.43046875 0.2484375 0.009375 0.03671875
3 0.2796875 0.27734375 0.01640625 0.04375
2 0.22421875 0.23046875 0.01328125 0.0359375
3 0.7546875 0.27109375 0.01171875 0.040625
3 0.64609375 0.365625 0.01171875 0.05703125
3 0.77109375 0.28515625 0.01015625 0.05
3 0.83125 0.34375 0.01171875 0.06015625
3 0.63671875 0.29296875 0.01015625 0.0484375
3 0.56171875 0.3359375 0.01328125 0.0546875
2 0.51796875 0.30703125 0.0109375 0.053125
3 0.4703125 0.3390625 0.0109375 0.0546875
3 0.3734375 0.4171875 0.01484375 0.06171875
3 0.7125 0.3515625 0.0109375 0.05859375
3 0.803125 0.43515625 0.01484375 0.06875
3 0.1234375 0.3234375 0.0140625 0.05390625
3 0.58828125 0.42734375 0.01484375 0.06796875
3 0.86015625 0.434375 0.0125 0.06640625
1 0.415625 0.26875 0.0046875 0.01015625