3 0.60234375 0.359375 0.00703125 0.0359375
3 0.52734375 0.328125 0.00703125 0.03125
3 0.39609375 0.33828125 0.00703125 0.025
3 0.63203125 0.39140625 0.01015625 0.0390625
0 0.8109375 0.37578125 0.00703125 0.03671875
3 0.48203125 0.33125 0.0078125 0.0296875
3 0.5484375 0.33828125 0.00703125 0.03203125
3 0.58359375 0.36328125 0.00703125 0.03203125
3 0.421875 0.40546875 0.00859375 0.0359375
3 0.540625 0.40234375 0.009375 0.04140625
2 0.503125 0.36015625 0.0078125 0.03359375
3 0.38671875 0.3375 0.00703125 0.03046875
3 0.18046875 0.421875 0.0078125 0.0359375
3 0.5328125 0.43046875 0.01015625 0.03984375
3 0.64375 0.40546875 0.009375 0.03984375
3 0.6265625 0.47890625 0.0109375 0.04296875
3 0.678125 0.44453125 0.00859375 0.04609375
3 0.2859375 0.453125 0.00859375 0.04453125
3 0.703125 0.440625 0.01171875 0.040625
3 0.5984375 0.615625 0.01015625 0.05390625
3 0.171875 0.46953125 0.0109375 0.0453125
3 0.1421875 0.5109375 0.01171875 0.04375
2 0.18828125 0.3390625 0.0078125 0.0296875