3 0.2625 0.571875 0.01484375 0.06640625
3 0.79140625 0.315625 0.01328125 0.04296875
3 0.29609375 0.27265625 0.0109375 0.0375
3 0.5109375 0.44453125 0.0171875 0.05234375
3 0.5046875 0.334375 0.01015625 0.0359375
3 0.50390625 0.60078125 0.0171875 0.07109375
3 0.496875 0.28203125 0.0109375 0.0453125
3 0.78359375 0.63828125 0.0171875 0.06875
3 0.1734375 0.98046875 0.025 0.03828125
3 0.73515625 0.38828125 0.0125 0.05078125
3 0.490625 0.68671875 0.01640625 0.0765625
3 0.5359375 0.959375 0.0203125 0.08046875
3 0.39765625 0.503125 0.0125 0.06015625
3 0.1828125 0.5015625 0.01484375 0.06875
3 0.64296875 0.48359375 0.01484375 0.06953125
3 0.44765625 0.38671875 0.0125 0.05234375
3 0.684375 0.4421875 0.01328125 0.05546875
3 0.390625 0.4015625 0.0125 0.05546875
3 0.5484375 0.51953125 0.0140625 0.05859375
3 0.24375 0.4234375 0.0140625 0.05390625
3 0.55703125 0.384375 0.0109375 0.05
3 0.4703125 0.35859375 0.01171875 0.04609375
3 0.32890625 0.328125 0.0125 0.04609375
3 0.82265625 0.465625 0.01171875 0.059375
3 0.5078125 0.94296875 0.0390625 0.10234375