3 0.2203125 0.6625 0.0390625 0.11953125
3 0.58984375 0.45703125 0.0265625 0.103125
2 0.4375 0.584375 0.03203125 0.11640625
3 0.503125 0.49296875 0.03125 0.1140625
0 0.35 0.2875 0.02421875 0.0859375
3 0.3125 0.7734375 0.06015625 0.128125
3 0.421875 0.44609375 0.02265625 0.1109375
3 0.2953125 0.6578125 0.03515625 0.13203125
3 0.928125 0.14765625 0.01328125 0.07109375
3 0.6140625 0.3421875 0.0234375 0.0875
3 0.7015625 0.27890625 0.0203125 0.0859375
3 0.6734375 0.296875 0.0203125 0.04453125
3 0.36953125 0.4765625 0.0234375 0.1109375
3 0.85078125 0.34765625 0.025 0.09296875
3 0.37265625 0.784375 0.0359375 0.11796875
3 0.8109375 0.3515625 0.025 0.09140625
3 0.7171875 0.49453125 0.02890625 0.1109375
3 0.66796875 0.3625 0.0203125 0.09140625
1 0.3984375 0.821875 0.01875 0.0375