3 0.640625 0.88671875 0.0328125 0.1359375
3 0.45 0.2265625 0.03515625 0.11015625
3 0.534375 0.4234375 0.021875 0.11015625
3 0.63359375 0.428125 0.02265625 0.1265625
3 0.6015625 0.4625 0.021875 0.1234375
3 0.59921875 0.39609375 0.01328125 0.046875
3 0.55234375 0.44140625 0.01953125 0.1046875
3 0.33046875 0.4296875 0.03125 0.11484375
3 0.29921875 0.4234375 0.01796875 0.11796875
1 0.63515625 0.62109375 0.01484375 0.0234375
3 0.5875 0.4265625 0.01484375 0.103125
3 0.5390625 0.6359375 0.03203125 0.14140625
3 0.57265625 0.4265625 0.01953125 0.1234375
3 0.80703125 0.440625 0.03125 0.09453125
3 0.2703125 0.42109375 0.01640625 0.11484375
3 0.33359375 0.56484375 0.02890625 0.121875
3 0.50859375 0.42421875 0.0265625 0.11796875
3 0.2796875 0.39921875 0.01640625 0.11875
3 0.371875 0.428125 0.02578125 0.12109375
3 0.76171875 0.584375 0.02578125 0.11796875
3 0.4203125 0.4234375 0.02265625 0.1203125
3 0.84765625 0.43359375 0.02421875 0.11796875
3 0.61640625 0.421875 0.01875 0.1203125