3 0.15703125 0.3359375 0.01953125 0.06875
1 0.14296875 0.37265625 0.00859375 0.0140625
3 0.91953125 0.56796875 0.02421875 0.09453125
3 0.5328125 0.59140625 0.0234375 0.096875
3 0.34140625 0.67109375 0.025 0.10703125
3 0.6640625 0.61015625 0.02265625 0.09296875
3 0.45 0.2890625 0.01328125 0.06328125
3 0.7296875 0.44765625 0.0265625 0.07890625
3 0.6484375 0.128125 0.01171875 0.05
3 0.1875 0.64140625 0.02421875 0.09609375
3 0.61796875 0.43828125 0.02109375 0.07421875
3 0.309375 0.378125 0.02734375 0.053125
3 0.834375 0.2046875 0.01484375 0.05546875