3 0.4875 0.346875 0.01953125 0.0984375
3 0.25 0.3125 0.02578125 0.10546875
3 0.6875 0.434375 0.04296875 0.121875
2 0.07109375 0.74609375 0.0375 0.175
3 0.6 0.44140625 0.02734375 0.1109375
3 0.746875 0.2953125 0.034375 0.09296875
3 0.65546875 0.590625 0.034375 0.146875
3 0.496875 0.359375 0.0375 0.115625
3 0.14921875 0.88515625 0.0640625 0.19609375
1 0.7234375 0.41875 0.01328125 0.0234375
3 0.171875 0.321875 0.02578125 0.103125
3 0.5765625 0.59375 0.03984375 0.14609375
3 0.62578125 0.3015625 0.0234375 0.103125
2 0.1921875 0.23125 0.0265625 0.109375
3 0.95390625 0.47734375 0.0328125 0.1484375
3 0.50625 0.36953125 0.0296875 0.10859375