3 0.140625 0.38671875 0.01875 0.065625
3 0.6078125 0.49296875 0.021875 0.075
3 0.5046875 0.33671875 0.015625 0.0484375
3 0.5828125 0.68359375 0.02734375 0.0890625
3 0.26328125 0.5375 0.0296875 0.078125
3 0.63671875 0.503125 0.021875 0.08203125
3 0.2171875 0.4265625 0.01640625 0.0640625
1 0.55546875 0.37109375 0.00625 0.0140625
3 0.2984375 0.43359375 0.01953125 0.06640625
3 0.8203125 0.4234375 0.03046875 0.0609375
3 0.44375 0.521875 0.01796875 0.0765625
3 0.0328125 0.82109375 0.03203125 0.096875
3 0.515625 0.340625 0.02109375 0.04453125
3 0.5109375 0.390625 0.02890625 0.0625
3 0.259375 0.871875 0.0265625 0.103125
3 0.2296875 0.41796875 0.0203125 0.0640625