3 0.4984375 0.5265625 0.028125 0.075
3 0.5203125 0.3453125 0.02109375 0.065625
3 0.4953125 0.2671875 0.02421875 0.059375
3 0.621875 0.38203125 0.02265625 0.0609375
3 0.31953125 0.3046875 0.0203125 0.0625
3 0.2734375 0.51484375 0.02109375 0.0734375
3 0.31953125 0.41796875 0.0265625 0.06640625
3 0.4484375 0.39453125 0.02890625 0.0640625
3 0.628125 0.3046875 0.02734375 0.065625
1 0.4796875 0.546875 0.00859375 0.01640625
3 0.90625 0.63671875 0.02734375 0.0875
3 0.5765625 0.34921875 0.01640625 0.06796875
3 0.80234375 0.940625 0.046875 0.11796875
3 0.5765625 0.5015625 0.02734375 0.08359375
3 0.6828125 0.38203125 0.02578125 0.06953125
3 0.81015625 0.4265625 0.0234375 0.071875
3 0.77421875 0.378125 0.021875 0.078125
3 0.1984375 0.37578125 0.01875 0.07109375
3 0.03671875 0.3734375 0.021875 0.06953125