3 0.303125 0.2640625 0.01640625 0.08125
1 0.84453125 0.5265625 0.01015625 0.01953125
3 0.39921875 0.2359375 0.01640625 0.07578125
3 0.4328125 0.51328125 0.0203125 0.11171875
3 0.12890625 0.1984375 0.01953125 0.0703125
3 0.07109375 0.31953125 0.02265625 0.0796875
3 0.1390625 0.8984375 0.04140625 0.15078125
3 0.05234375 0.43203125 0.02265625 0.10625
3 0.0390625 0.3515625 0.03046875 0.08359375
3 0.24296875 0.64296875 0.03515625 0.12578125
3 0.11015625 0.4703125 0.02890625 0.10703125
3 0.58359375 0.96171875 0.03515625 0.075
3 0.19296875 0.13203125 0.015625 0.06875
3 0.1625 0.52578125 0.0296875 0.10546875
3 0.8765625 0.49375 0.025 0.1140625
3 0.1546875 0.965625 0.0296875 0.0609375
3 0.31015625 0.31953125 0.015625 0.08203125
3 0.55078125 0.15703125 0.01484375 0.0640625
3 0.43671875 0.40859375 0.01875 0.09453125
3 0.45546875 0.39453125 0.01953125 0.078125
3 0.83515625 0.2484375 0.01953125 0.08046875
3 0.6046875 0.73671875 0.0296875 0.13984375
3 0.78046875 0.37734375 0.02734375 0.08984375