3 0.95625 0.75 0.02890625 0.10546875
3 0.6375 0.77265625 0.02734375 0.10703125
3 0.4265625 0.353125 0.02109375 0.0640625
1 0.490625 0.36953125 0.0078125 0.0140625
3 0.021875 0.66484375 0.0296875 0.10390625
3 0.89765625 0.71953125 0.0265625 0.1140625
3 0.6828125 0.33359375 0.02109375 0.06953125
3 0.23984375 0.63515625 0.028125 0.09609375
3 0.33828125 0.690625 0.0234375 0.09296875
3 0.63046875 0.45703125 0.0203125 0.078125
3 0.3890625 0.43046875 0.01953125 0.071875
3 0.8765625 0.58359375 0.02578125 0.09140625
3 0.51171875 0.39921875 0.0234375 0.0625
3 0.46484375 0.4875 0.0203125 0.08359375
3 0.6453125 0.625 0.02421875 0.096875
3 0.7625 0.40625 0.021875 0.07890625
3 0.421875 0.390625 0.01953125 0.0609375
3 0.490625 0.29296875 0.01953125 0.053125
3 0.5625 0.440625 0.02109375 0.0734375
3 0.115625 0.28984375 0.01875 0.0515625
3 0.13359375 0.86328125 0.0296875 0.12109375
3 0.121875 0.459375 0.02421875 0.07890625