3 0.58125 0.53203125 0.03125 0.1
3 0.31015625 0.4625 0.0390625 0.096875
3 0.5390625 0.365625 0.02109375 0.053125
3 0.278125 0.33203125 0.02734375 0.078125
3 0.32265625 0.3125 0.0234375 0.08359375
3 0.534375 0.40859375 0.028125 0.1
3 0.390625 0.53359375 0.05 0.1109375
1 0.50625 0.4140625 0.009375 0.01640625
3 0.34609375 0.33046875 0.03125 0.071875
3 0.065625 0.9484375 0.0546875 0.103125
3 0.4015625 0.259375 0.03203125 0.06796875
3 0.23125 0.503125 0.03984375 0.109375
3 0.125 0.33984375 0.0390625 0.090625
3 0.5921875 0.340625 0.02578125 0.065625
3 0.4390625 0.746875 0.046875 0.125