3 0.440625 0.2859375 0.02109375 0.075
3 0.884375 0.24609375 0.01796875 0.075
3 0.36875 0.47578125 0.03203125 0.090625
3 0.79765625 0.190625 0.02265625 0.06875
3 0.2 0.2234375 0.01796875 0.07421875
3 0.275 0.82578125 0.03984375 0.1390625
3 0.36015625 0.6765625 0.05234375 0.10390625
3 0.60234375 0.35859375 0.02578125 0.11875
3 0.45234375 0.8015625 0.0328125 0.11953125
3 0.6703125 0.19375 0.0203125 0.06484375
3 0.52109375 0.93984375 0.02890625 0.11640625
3 0.48671875 0.09609375 0.01484375 0.05
3 0.49140625 0.78203125 0.05859375 0.11328125
3 0.91328125 0.32890625 0.0203125 0.0796875
1 0.434375 0.8390625 0.0109375 0.021875
3 0.13671875 0.159375 0.0171875 0.06484375
3 0.953125 0.35390625 0.025 0.08984375
3 0.94453125 0.51171875 0.02890625 0.1109375
3 0.228125 0.51953125 0.03828125 0.0890625
3 0.79609375 0.90078125 0.03359375 0.1484375
3 0.0890625 0.64140625 0.03984375 0.11328125
3 0.53203125 0.3484375 0.02265625 0.08125
3 0.56796875 0.48671875 0.02890625 0.1