3 0.93046875 0.31875 0.021875 0.08828125
3 0.73671875 0.3046875 0.02109375 0.08671875
3 0.90859375 0.2703125 0.02109375 0.08671875
3 0.1078125 0.4125 0.0296875 0.0953125
3 0.6453125 0.31328125 0.0234375 0.1
3 0.509375 0.41875 0.03203125 0.1046875
1 0.11171875 0.45703125 0.01015625 0.01796875
3 0.45 0.4625 0.03359375 0.11171875
3 0.45078125 0.30546875 0.02109375 0.09296875
3 0.3375 0.24375 0.01953125 0.08046875
3 0.7296875 0.61015625 0.0328125 0.12421875
3 0.7359375 0.41015625 0.025 0.0984375
3 0.76875 0.19609375 0.01875 0.07890625
3 0.45234375 0.1671875 0.0171875 0.07109375
3 0.16640625 0.6703125 0.0453125 0.14609375