3 0.37109375 0.321875 0.02109375 0.08359375
3 0.56328125 0.65 0.04296875 0.1015625
3 0.84453125 0.45859375 0.02734375 0.09921875
1 0.240625 0.8625 0.0109375 0.02109375
3 0.52109375 0.5421875 0.03203125 0.0953125
3 0.43203125 0.33125 0.01875 0.07421875
3 0.6 0.284375 0.015625 0.0765625
3 0.69375 0.328125 0.0171875 0.084375
3 0.69765625 0.69140625 0.04140625 0.109375
3 0.35546875 0.81640625 0.03828125 0.11171875
3 0.13359375 0.28828125 0.01953125 0.0703125
3 0.49921875 0.215625 0.01640625 0.06484375
3 0.40234375 0.21640625 0.0171875 0.06484375
3 0.275 0.165625 0.0171875 0.05546875
3 0.41953125 0.92265625 0.03828125 0.14375
3 0.61328125 0.259375 0.0171875 0.06953125
3 0.459375 0.57890625 0.03203125 0.10390625
3 0.27578125 0.8609375 0.053125 0.090625
3 0.7015625 0.3484375 0.01640625 0.08515625
3 0.04609375 0.959375 0.03125 0.0765625