3 0.41171875 0.3515625 0.0296875 0.08515625
3 0.31171875 0.3640625 0.02109375 0.075
3 0.05703125 0.36796875 0.0265625 0.090625
3 0.296875 0.40859375 0.03125 0.090625
3 0.2734375 0.428125 0.03125 0.0796875
1 0.6171875 0.65546875 0.01015625 0.01953125
3 0.34140625 0.31953125 0.0265625 0.08125
3 0.75546875 0.284375 0.0234375 0.08359375
3 0.21171875 0.48046875 0.0265625 0.103125
3 0.59921875 0.46953125 0.03203125 0.08984375
3 0.4546875 0.4265625 0.0390625 0.08359375
3 0.4140625 0.521875 0.0484375 0.09609375
3 0.61640625 0.61953125 0.03828125 0.11328125
3 0.17265625 0.3203125 0.02421875 0.0796875
3 0.2421875 0.45625 0.0328125 0.09609375
3 0.153125 0.36171875 0.0328125 0.084375