3 0.9515625 0.70546875 0.02734375 0.09296875
3 0.8671875 0.90859375 0.03125 0.12109375
3 0.3671875 0.28671875 0.01484375 0.05390625
3 0.7015625 0.571875 0.02578125 0.08671875
3 0.3234375 0.6921875 0.0234375 0.096875
3 0.24375 0.41171875 0.0234375 0.06484375
3 0.6640625 0.33203125 0.01953125 0.04921875
3 0.38125 0.3140625 0.02109375 0.05078125
3 0.56953125 0.36953125 0.015625 0.06015625
3 0.6140625 0.32421875 0.0171875 0.0484375
3 0.72578125 0.4765625 0.0171875 0.07109375
3 0.953125 0.52265625 0.0203125 0.0765625
3 0.79765625 0.6328125 0.02421875 0.096875
3 0.42109375 0.325 0.015625 0.0515625
3 0.39609375 0.41328125 0.02109375 0.0546875
3 0.59765625 0.41484375 0.01171875 0.06875
3 0.16875 0.53671875 0.0203125 0.08671875
3 0.928125 0.43515625 0.0203125 0.078125
3 0.60390625 0.41484375 0.01640625 0.06875
3 0.890625 0.53359375 0.03046875 0.08359375
3 0.29765625 0.36875 0.01875 0.0609375
1 0.3359375 0.37734375 0.0078125 0.0140625
3 0.45703125 0.41875 0.01875 0.06640625