3 0.559375 0.4015625 0.03125 0.0796875
3 0.5359375 0.275 0.0203125 0.07890625
3 0.77265625 0.41484375 0.01953125 0.09765625
3 0.378125 0.38984375 0.04609375 0.021875
3 0.3640625 0.44609375 0.02578125 0.08671875
3 0.53046875 0.5109375 0.025 0.109375
3 0.92109375 0.546875 0.02578125 0.11328125
3 0.2203125 0.48203125 0.01484375 0.10546875
3 0.51875 0.55390625 0.03203125 0.109375
3 0.65234375 0.3234375 0.021875 0.08671875
3 0.36953125 0.37265625 0.02890625 0.078125
3 0.77890625 0.5375 0.0234375 0.1078125
3 0.66015625 0.828125 0.03359375 0.1390625
1 0.35390625 0.39609375 0.00859375 0.0140625
3 0.2703125 0.93046875 0.03359375 0.13515625
3 0.23359375 0.4703125 0.0125 0.0859375
3 0.709375 0.3953125 0.01953125 0.09453125