3 0.3046875 0.615625 0.0296875 0.11796875
3 0.82109375 0.61875 0.02109375 0.10703125
3 0.809375 0.68828125 0.02421875 0.12421875
3 0.75625 0.64140625 0.02734375 0.125
3 0.58203125 0.46640625 0.01953125 0.09921875
3 0.59296875 0.46640625 0.021875 0.08359375
3 0.6890625 0.6375 0.02890625 0.10546875
3 0.265625 0.37421875 0.0234375 0.0890625
3 0.83046875 0.528125 0.015625 0.109375
1 0.2484375 0.35078125 0.0078125 0.0140625
3 0.18203125 0.33359375 0.02578125 0.078125
3 0.7796875 0.63515625 0.0265625 0.1125
3 0.06796875 0.65703125 0.02421875 0.12890625
3 0.653125 0.509375 0.021875 0.103125
3 0.4 0.6109375 0.03046875 0.11796875
3 0.5890625 0.52734375 0.02109375 0.04921875
3 0.6015625 0.58359375 0.0265625 0.10859375
3 0.671875 0.640625 0.02578125 0.11953125
3 0.3015625 0.3 0.0234375 0.0671875
3 0.2078125 0.53203125 0.025 0.11640625
3 0.709375 0.54921875 0.03359375 0.10859375
3 0.746875 0.5671875 0.0203125 0.0578125