3 0.7046875 0.1734375 0.01796875 0.06796875
3 0.81328125 0.4890625 0.02578125 0.11796875
1 0.7953125 0.515625 0.01015625 0.01953125
3 0.24921875 0.34921875 0.025 0.08515625
3 0.26953125 0.109375 0.01640625 0.03125
3 0.2734375 0.67109375 0.03671875 0.13046875
3 0.14765625 0.48828125 0.02578125 0.11484375
3 0.02578125 0.37109375 0.025 0.1
3 0.3515625 0.4171875 0.02734375 0.09921875
3 0.38359375 0.24453125 0.01640625 0.0796875
3 0.1109375 0.5015625 0.02734375 0.10546875
3 0.26484375 0.27734375 0.01875 0.0859375
3 0.29921875 0.82109375 0.0328125 0.14296875
3 0.028125 0.484375 0.02734375 0.1109375
3 0.51953125 0.2796875 0.02265625 0.0890625
3 0.496875 0.47734375 0.028125 0.09375
3 0.18671875 0.23671875 0.03046875 0.06328125
3 0.85703125 0.28203125 0.02265625 0.08828125
3 0.08984375 0.30078125 0.02421875 0.08515625
3 0.56953125 0.346875 0.01875 0.09375
3 0.14921875 0.234375 0.028125 0.065625