3 0.11796875 0.290625 0.025 0.07890625
3 0.03984375 0.71796875 0.04296875 0.13359375
3 0.5296875 0.26953125 0.02109375 0.08828125
3 0.45859375 0.246875 0.025 0.08046875
3 0.8171875 0.25234375 0.01796875 0.084375
3 0.63984375 0.26796875 0.01875 0.08359375
3 0.36015625 0.37734375 0.025 0.103125
3 0.53671875 0.2265625 0.01328125 0.078125
3 0.57109375 0.16328125 0.025 0.06953125
3 0.64765625 0.34140625 0.0140625 0.08515625
3 0.11953125 0.528125 0.03359375 0.1265625
3 0.33125 0.37578125 0.02734375 0.096875
3 0.99140625 0.35859375 0.0171875 0.0984375
3 0.665625 0.55390625 0.03359375 0.11484375
3 0.92578125 0.41328125 0.01953125 0.10625
1 0.12109375 0.33828125 0.0109375 0.01484375
2 0.2 0.140625 0.0203125 0.0734375
3 0.928125 0.31171875 0.02265625 0.09609375
3 0.66171875 0.29140625 0.02109375 0.08046875
3 0.7609375 0.43984375 0.0390625 0.10703125