3 0.19453125 0.43671875 0.0125 0.05703125
3 0.7078125 0.434375 0.0171875 0.0609375
3 0.5015625 0.3875 0.01484375 0.05
3 0.984375 0.7875 0.021875 0.0890625
3 0.68515625 0.65703125 0.01875 0.078125
3 0.7890625 0.36328125 0.01484375 0.05703125
3 0.4734375 0.853125 0.03125 0.08046875
3 0.31875 0.23828125 0.01015625 0.034375
3 0.978125 0.58125 0.02578125 0.06796875
3 0.421875 0.51484375 0.0125 0.05703125
3 0.1796875 0.6125 0.0328125 0.071875
3 0.6015625 0.44921875 0.01640625 0.05390625
3 0.684375 0.471875 0.02578125 0.05859375
3 0.3265625 0.34609375 0.0140625 0.05
3 0.6859375 0.534375 0.0171875 0.0640625
3 0.890625 0.4484375 0.01953125 0.05859375
3 0.596875 0.35078125 0.0125 0.0484375
1 0.22109375 0.459375 0.0078125 0.0140625
3 0.46875 0.56171875 0.02421875 0.06796875
3 0.5546875 0.8296875 0.03359375 0.0875
3 0.621875 0.3640625 0.0171875 0.05
3 0.41953125 0.403125 0.0125 0.05546875
3 0.4375 0.30546875 0.01171875 0.04453125