2 0.12265625 0.646875 0.0296875 0.125
3 0.4265625 0.31328125 0.02265625 0.07890625
2 0.6109375 0.17578125 0.01640625 0.0625
3 0.2390625 0.77109375 0.03671875 0.125
3 0.6515625 0.59453125 0.03359375 0.1109375
3 0.14453125 0.70859375 0.03125 0.125
3 0.09140625 0.5546875 0.03125 0.1125
3 0.64375 0.38984375 0.0328125 0.084375
1 0.76875 0.70390625 0.0109375 0.01953125
3 0.3234375 0.36015625 0.01953125 0.090625
0 0.0390625 0.31328125 0.0296875 0.0875
3 0.371875 0.50546875 0.034375 0.10546875
3 0.4609375 0.428125 0.02734375 0.090625
3 0.6046875 0.40625 0.03203125 0.084375
3 0.17578125 0.50234375 0.025 0.0984375
3 0.803125 0.23359375 0.015625 0.06640625
3 0.446875 0.3390625 0.01953125 0.0890625
3 0.06875 0.678125 0.0359375 0.128125
3 0.74375 0.6671875 0.04609375 0.115625
3 0.52265625 0.484375 0.0265625 0.1