3 0.653125 0.75234375 0.02890625 0.09140625
3 0.7390625 0.31640625 0.0140625 0.046875
3 0.24296875 0.43984375 0.025 0.06328125
1 0.4046875 0.328125 0.00703125 0.0109375
3 0.48984375 0.4328125 0.01484375 0.06015625
3 0.6171875 0.5515625 0.0234375 0.07578125
3 0.321875 0.60625 0.0203125 0.07890625
3 0.703125 0.58203125 0.01953125 0.084375
3 0.37734375 0.31796875 0.01640625 0.0484375
3 0.2265625 0.52578125 0.01953125 0.075
3 0.8921875 0.521875 0.0203125 0.071875
3 0.871875 0.42421875 0.0171875 0.0640625
3 0.75390625 0.3296875 0.01171875 0.0515625
3 0.61796875 0.37890625 0.01328125 0.0546875
3 0.68203125 0.4765625 0.01640625 0.06328125
3 0.3859375 0.4578125 0.01640625 0.06171875
3 0.38671875 0.26328125 0.0125 0.0484375
3 0.27890625 0.4015625 0.01640625 0.06171875
3 0.44140625 0.34140625 0.01328125 0.0484375
3 0.8109375 0.64140625 0.0234375 0.078125
3 0.86640625 0.4859375 0.01640625 0.0640625
3 0.5234375 0.44453125 0.015625 0.06171875
3 0.4765625 0.43828125 0.01640625 0.05859375