3 0.79609375 0.43515625 0.02578125 0.08359375
3 0.9453125 0.3078125 0.0171875 0.0765625
3 0.41875 0.25234375 0.01484375 0.07109375
3 0.70390625 0.34140625 0.01875 0.0734375
3 0.421875 0.47109375 0.02890625 0.0953125
3 0.3515625 0.5125 0.03046875 0.1046875
3 0.33515625 0.27890625 0.0265625 0.059375
3 0.82890625 0.41015625 0.02109375 0.0890625
3 0.91328125 0.30390625 0.01796875 0.0796875
3 0.68203125 0.696875 0.0328125 0.11953125
3 0.9671875 0.3390625 0.0234375 0.08125
3 0.6796875 0.45234375 0.02421875 0.09375