3 0.3375 0.45390625 0.01875 0.071875
3 0.1234375 0.43515625 0.02265625 0.07890625
3 0.32109375 0.609375 0.0234375 0.090625
3 0.1421875 0.5609375 0.02578125 0.08046875
3 0.690625 0.34140625 0.02109375 0.06640625
3 0.81953125 0.94765625 0.0328125 0.1015625
3 0.659375 0.56015625 0.02578125 0.084375
3 0.353125 0.83984375 0.02890625 0.09296875
3 0.84140625 0.3609375 0.025 0.071875
3 0.284375 0.6125 0.02109375 0.075
1 0.69453125 0.384375 0.009375 0.015625
3 0.1140625 0.234375 0.02265625 0.05546875
3 0.290625 0.3578125 0.01875 0.0625
3 0.80234375 0.60078125 0.025 0.0875
3 0.28359375 0.40546875 0.01875 0.06953125