3 0.70390625 0.48046875 0.03203125 0.08515625
3 0.75 0.6359375 0.028125 0.09375
3 0.07109375 0.4984375 0.028125 0.0875
3 0.3671875 0.55625 0.02578125 0.0890625
3 0.83984375 0.2296875 0.01015625 0.05703125
3 0.9109375 0.840625 0.02734375 0.11875
3 0.45 0.98203125 0.02578125 0.034375
3 0.5796875 0.390625 0.02109375 0.071875
3 0.80625 0.89609375 0.03046875 0.11953125
3 0.1578125 0.8640625 0.034375 0.1125
3 0.6296875 0.5078125 0.03125 0.08671875
3 0.421875 0.61875 0.028125 0.090625
3 0.59765625 0.74375 0.03046875 0.10859375
1 0.4390625 0.16484375 0.0078125 0.0140625
3 0.415625 0.5328125 0.02578125 0.08203125
3 0.43671875 0.31328125 0.028125 0.05625
3 0.49140625 0.7484375 0.0296875 0.1109375