3 0.38515625 0.41484375 0.02421875 0.07578125
3 0.4828125 0.48046875 0.0234375 0.1109375
3 0.5 0.4609375 0.01953125 0.1
3 0.2921875 0.4015625 0.0265625 0.0875
3 0.87265625 0.53828125 0.025 0.10859375
3 0.38046875 0.30625 0.02265625 0.084375
3 0.29921875 0.3203125 0.0328125 0.07578125
3 0.73125 0.35078125 0.0203125 0.09375
1 0.321875 0.421875 0.0078125 0.015625
3 0.978125 0.51796875 0.0390625 0.10234375
3 0.27734375 0.87265625 0.03125 0.14140625
3 0.66875 0.2859375 0.02578125 0.084375
3 0.7859375 0.375 0.025 0.0890625
3 0.56640625 0.234375 0.01640625 0.078125
3 0.2578125 0.428125 0.02578125 0.10078125
3 0.684375 0.79765625 0.0359375 0.13984375
3 0.57109375 0.3609375 0.021875 0.090625