3 0.7015625 0.56328125 0.025 0.084375
3 0.81953125 0.30234375 0.0203125 0.07109375
3 0.2890625 0.484375 0.03671875 0.096875
3 0.79375 0.58125 0.0359375 0.09609375
3 0.7640625 0.31640625 0.0234375 0.071875
3 0.859375 0.715625 0.03671875 0.10390625
3 0.884375 0.67578125 0.0265625 0.10703125
3 0.63125 0.4859375 0.03125 0.0859375
3 0.66171875 0.71015625 0.0328125 0.090625
3 0.7765625 0.49140625 0.02421875 0.0890625
3 0.8140625 0.1078125 0.02109375 0.04609375
1 0.2796875 0.52890625 0.00859375 0.0140625
3 0.3046875 0.42421875 0.0328125 0.07109375
3 0.44375 0.5359375 0.03046875 0.078125
3 0.5640625 0.328125 0.01953125 0.07109375