3 0.81875 0.55546875 0.03046875 0.08359375
3 0.74375 0.6265625 0.02421875 0.096875
3 0.515625 0.24921875 0.0203125 0.065625
3 0.0234375 0.34921875 0.0375 0.0765625
3 0.6046875 0.52109375 0.02890625 0.09140625
3 0.79296875 0.49453125 0.0234375 0.0890625
3 0.46484375 0.4421875 0.0328125 0.0734375
3 0.484375 0.609375 0.028125 0.0875
3 0.2140625 0.18984375 0.01640625 0.059375
3 0.2703125 0.38828125 0.01875 0.0765625
3 0.26015625 0.5328125 0.021875 0.0875
3 0.77578125 0.60625 0.0265625 0.10390625
3 0.3828125 0.29921875 0.0203125 0.0734375
3 0.378125 0.36640625 0.01796875 0.075
3 0.4921875 0.33125 0.02109375 0.06796875
1 0.4390625 0.609375 0.0078125 0.015625
3 0.446875 0.5921875 0.02734375 0.090625
3 0.41015625 0.16484375 0.0171875 0.059375
3 0.8734375 0.25234375 0.02109375 0.0734375
3 0.58515625 0.35078125 0.0203125 0.0734375
3 0.3375 0.42578125 0.01953125 0.0875
3 0.2375 0.790625 0.028125 0.11640625