3 0.596875 0.3984375 0.02265625 0.078125
3 0.4953125 0.784375 0.0328125 0.09140625
3 0.3390625 0.50546875 0.03203125 0.09140625
3 0.74609375 0.68828125 0.034375 0.090625
3 0.54296875 0.41953125 0.028125 0.08359375
3 0.9515625 0.1765625 0.02421875 0.071875
3 0.30625 0.2015625 0.01484375 0.0609375
3 0.23984375 0.59375 0.03125 0.084375
3 0.06328125 0.4609375 0.025 0.0859375
3 0.565625 0.58515625 0.03046875 0.0875
3 0.5140625 0.228125 0.021875 0.0734375
3 0.3984375 0.31328125 0.01875 0.07109375
3 0.6875 0.8328125 0.03671875 0.10703125
3 0.44375 0.23828125 0.02421875 0.065625
3 0.209375 0.184375 0.01953125 0.07109375
3 0.38359375 0.56015625 0.0421875 0.0875
3 0.8765625 0.8078125 0.03515625 0.10703125
3 0.3609375 0.3078125 0.01640625 0.0734375
1 0.525 0.8421875 0.01171875 0.01796875
3 0.44765625 0.66640625 0.028125 0.09453125