3 0.0546875 0.50859375 0.03203125 0.07890625
3 0.77265625 0.2 0.01640625 0.059375
3 0.834375 0.2984375 0.021875 0.075
3 0.54609375 0.5859375 0.028125 0.08984375
3 0.81328125 0.52890625 0.02734375 0.09140625
3 0.67890625 0.50078125 0.02734375 0.09609375
3 0.12421875 0.3609375 0.02890625 0.0765625
3 0.39140625 0.42109375 0.015625 0.0796875
3 0.8765625 0.675 0.02265625 0.109375
3 0.503125 0.44296875 0.02421875 0.0890625
3 0.44921875 0.59921875 0.03515625 0.08125
3 0.76640625 0.2203125 0.01484375 0.059375
3 0.90078125 0.64921875 0.028125 0.11171875
3 0.55390625 0.55 0.02890625 0.07421875
3 0.0984375 0.521875 0.0359375 0.07109375
3 0.71953125 0.52890625 0.03046875 0.08359375
3 0.3015625 0.46796875 0.025 0.08046875
1 0.1640625 0.2859375 0.009375 0.01484375
3 0.40390625 0.44609375 0.02109375 0.08046875
3 0.20078125 0.403125 0.02265625 0.0703125
3 0.51328125 0.5171875 0.02421875 0.0765625
3 0.303125 0.22109375 0.01875 0.06328125