3 0.5796875 0.31171875 0.021875 0.06484375
3 0.36796875 0.35390625 0.01953125 0.07890625
3 0.46796875 0.396875 0.0265625 0.071875
1 0.4171875 0.39921875 0.00859375 0.0125
3 0.8609375 0.4453125 0.03046875 0.0765625
3 0.7421875 0.47578125 0.0296875 0.08828125
3 0.5109375 0.1953125 0.01328125 0.05625
3 0.0515625 0.371875 0.01640625 0.08671875
3 0.1953125 0.74453125 0.028125 0.10390625
3 0.57109375 0.25859375 0.0203125 0.06640625
3 0.35234375 0.31171875 0.021875 0.06953125
3 0.315625 0.61953125 0.03359375 0.096875
3 0.02421875 0.5015625 0.02109375 0.1015625
3 0.8859375 0.33671875 0.0296875 0.07109375
3 0.9890625 0.60546875 0.021875 0.103125
3 0.37578125 0.4546875 0.01953125 0.08125