3 0.2171875 0.39453125 0.0296875 0.10546875
3 0.6703125 0.253125 0.021875 0.08359375
3 0.890625 0.396875 0.02734375 0.11796875
3 0.6765625 0.65234375 0.03828125 0.1234375
3 0.253125 0.62421875 0.02578125 0.1234375
3 0.5046875 0.74609375 0.03828125 0.1609375
3 0.1921875 0.715625 0.03125 0.14609375
3 0.621875 0.615625 0.04140625 0.121875
3 0.628125 0.79921875 0.034375 0.1625
3 0.1265625 0.48203125 0.03046875 0.11953125
3 0.3515625 0.934375 0.03671875 0.13046875
3 0.271875 0.26171875 0.02265625 0.0984375
1 0.7171875 0.69375 0.0140625 0.0265625
3 0.290625 0.25234375 0.021875 0.090625