3 0.6015625 0.51484375 0.02109375 0.090625
3 0.5375 0.4953125 0.021875 0.08515625
3 0.2234375 0.38671875 0.01640625 0.06953125
3 0.58046875 0.40546875 0.01875 0.07421875
3 0.4046875 0.23046875 0.01796875 0.059375
3 0.8390625 0.37734375 0.01953125 0.07890625
3 0.46796875 0.303125 0.0125 0.05703125
3 0.56171875 0.3609375 0.01640625 0.06640625
3 0.259375 0.4109375 0.01640625 0.0765625
3 0.56953125 0.26015625 0.0140625 0.0609375
3 0.20390625 0.475 0.0234375 0.0890625
3 0.24140625 0.39375 0.015625 0.07109375
3 0.31640625 0.56796875 0.02734375 0.084375
1 0.77265625 0.634375 0.01015625 0.0203125
3 0.6578125 0.784375 0.02734375 0.10390625
3 0.47734375 0.63984375 0.0328125 0.08515625
3 0.81015625 0.5921875 0.03515625 0.09921875
3 0.30078125 0.4625 0.01953125 0.0734375
3 0.41015625 0.49140625 0.01875 0.07578125
3 0.1625 0.5984375 0.0265625 0.096875
3 0.32265625 0.3453125 0.01484375 0.06640625
3 0.3921875 0.38359375 0.01875 0.07578125
3 0.4671875 0.32578125 0.01640625 0.06171875