3 0.553125 0.5046875 0.0234375 0.09296875
3 0.2203125 0.4234375 0.028125 0.08046875
3 0.4453125 0.36796875 0.025 0.071875
3 0.56875 0.27734375 0.02578125 0.0484375
3 0.84453125 0.65703125 0.0328125 0.103125
3 0.2453125 0.3453125 0.02109375 0.07109375
3 0.1015625 0.659375 0.02890625 0.1015625
3 0.4484375 0.43125 0.02265625 0.0765625
3 0.4046875 0.6671875 0.03125 0.10390625
3 0.75625 0.5265625 0.02421875 0.096875
3 0.71171875 0.534375 0.0296875 0.0984375
3 0.68359375 0.396875 0.0234375 0.08203125
3 0.60546875 0.31015625 0.0203125 0.07109375
3 0.496875 0.340625 0.02265625 0.065625
3 0.296875 0.434375 0.02265625 0.08359375
3 0.4609375 0.32421875 0.02890625 0.0625
1 0.4625 0.35078125 0.00625 0.009375