3 0.3859375 0.4265625 0.028125 0.078125
1 0.32734375 0.5765625 0.009375 0.01953125
3 0.5625 0.315625 0.01875 0.065625
3 0.525 0.33359375 0.01953125 0.078125
3 0.54296875 0.53671875 0.0234375 0.084375
3 0.69375 0.39375 0.021875 0.0875
3 0.578125 0.28125 0.01796875 0.0734375
3 0.31875 0.41328125 0.02421875 0.084375
3 0.965625 0.6734375 0.02890625 0.103125
3 0.40859375 0.2265625 0.0171875 0.0609375
3 0.5140625 0.36875 0.01796875 0.0765625
3 0.5515625 0.21875 0.01953125 0.06796875
3 0.20625 0.659375 0.0265625 0.1015625
3 0.3265625 0.29453125 0.01953125 0.05
3 0.0765625 0.30234375 0.0203125 0.07109375
3 0.6734375 0.371875 0.02421875 0.084375
3 0.32578125 0.32109375 0.0203125 0.0890625
3 0.4765625 0.27890625 0.01640625 0.071875
3 0.3703125 0.41484375 0.02109375 0.06796875
3 0.78046875 0.44453125 0.021875 0.0890625