3 0.83125 0.27265625 0.0171875 0.04921875
3 0.65078125 0.36171875 0.02109375 0.05703125
3 0.8875 0.52734375 0.01953125 0.08203125
3 0.52109375 0.64140625 0.0234375 0.08203125
3 0.6265625 0.2328125 0.0203125 0.053125
3 0.83828125 0.428125 0.02421875 0.06328125
3 0.77109375 0.36171875 0.028125 0.06328125
3 0.89296875 0.36015625 0.0203125 0.05546875
3 0.31328125 0.27578125 0.0140625 0.0515625
3 0.2734375 0.203125 0.0171875 0.04765625
3 0.39609375 0.44296875 0.015625 0.06171875
3 0.5171875 0.534375 0.02578125 0.0734375
3 0.4484375 0.29296875 0.0140625 0.05390625
3 0.54765625 0.37578125 0.01953125 0.0578125
3 0.2890625 0.61953125 0.03125 0.07578125
3 0.49375 0.4078125 0.0234375 0.06796875
3 0.77890625 0.47890625 0.0234375 0.06953125
1 0.353125 0.3375 0.00859375 0.0140625
3 0.1359375 0.52578125 0.0296875 0.07890625
3 0.21640625 0.38671875 0.02109375 0.05703125