3 0.14375 0.96171875 0.03671875 0.06875
3 0.05234375 0.25625 0.0203125 0.07109375
3 0.6 0.38203125 0.03359375 0.08359375
3 0.54609375 0.45546875 0.02734375 0.09453125
3 0.1609375 0.54609375 0.05 0.109375
3 0.1 0.121875 0.0140625 0.05859375
3 0.64765625 0.22578125 0.01640625 0.06875
3 0.05234375 0.4375 0.021875 0.09375
3 0.7296875 0.95546875 0.04375 0.08671875
3 0.253125 0.38125 0.0203125 0.08671875
1 0.925 0.35546875 0.00859375 0.01328125
3 0.03359375 0.84921875 0.04453125 0.13984375
3 0.20234375 0.71328125 0.04921875 0.11796875
3 0.32890625 0.346875 0.02421875 0.0796875
3 0.4390625 0.24765625 0.01640625 0.04140625
3 0.91484375 0.315625 0.02734375 0.0890625
3 0.43671875 0.296875 0.01640625 0.07109375
3 0.38515625 0.71796875 0.034375 0.12890625
3 0.2765625 0.265625 0.0203125 0.07109375