3 0.315625 0.759375 0.03203125 0.10390625
3 0.25625 0.60859375 0.0296875 0.10546875
3 0.490625 0.3765625 0.02578125 0.0890625
3 0.42421875 0.5703125 0.0203125 0.0875
3 0.70859375 0.43515625 0.028125 0.07890625
3 0.9125 0.203125 0.02890625 0.05859375
3 0.96015625 0.93359375 0.0578125 0.1328125
3 0.2484375 0.3 0.02109375 0.06953125
3 0.55546875 0.19375 0.0171875 0.05703125
3 0.70234375 0.6015625 0.0390625 0.10859375
3 0.390625 0.5265625 0.025 0.0890625
3 0.7984375 0.2796875 0.03046875 0.065625
1 0.3359375 0.80546875 0.00859375 0.01953125
3 0.77734375 0.378125 0.021875 0.078125
3 0.41875 0.08828125 0.01171875 0.05390625
3 0.61640625 0.2890625 0.021875 0.078125
3 0.634375 0.49140625 0.03671875 0.08046875