3 0.684375 0.20859375 0.01484375 0.06796875
3 0.46640625 0.253125 0.01328125 0.04453125
3 0.43203125 0.284375 0.015625 0.0796875
3 0.48359375 0.30390625 0.01640625 0.08828125
1 0.86796875 0.23046875 0.0078125 0.00859375
3 0.40546875 0.28203125 0.01640625 0.0359375
3 0.86484375 0.27109375 0.01796875 0.071875
3 0.44609375 0.37421875 0.021875 0.09296875
3 0.15546875 0.24140625 0.01328125 0.07890625
3 0.38203125 0.2765625 0.01171875 0.03671875
3 0.47109375 0.31796875 0.015625 0.08046875
3 0.575 0.23984375 0.01640625 0.06875
3 0.9390625 0.21328125 0.01953125 0.07109375
3 0.4109375 0.32265625 0.015625 0.08046875
3 0.4640625 0.30078125 0.009375 0.078125
3 0.36796875 0.32890625 0.0125 0.08125
3 0.3875 0.3140625 0.01015625 0.084375
3 0.52265625 0.31171875 0.01796875 0.0796875
3 0.340625 0.3390625 0.01640625 0.0890625
3 0.8578125 0.19296875 0.01640625 0.0640625
3 0.5796875 0.3359375 0.01796875 0.084375
3 0.37734375 0.3328125 0.01328125 0.08203125
3 0.69609375 0.11328125 0.01640625 0.05625