3 0.4734375 0.50390625 0.034375 0.1140625
3 0.7765625 0.9296875 0.0421875 0.140625
0 0.06328125 0.6546875 0.0453125 0.15703125
3 0.5546875 0.22421875 0.02421875 0.090625
3 0.6734375 0.828125 0.05390625 0.16796875
3 0.3234375 0.5734375 0.0421875 0.11953125
3 0.371875 0.4078125 0.02890625 0.109375
3 0.5453125 0.33046875 0.03046875 0.1140625
3 0.17109375 0.37890625 0.03125 0.10546875
3 0.7171875 0.46875 0.04375 0.10390625
3 0.02578125 0.809375 0.040625 0.16796875
3 0.8390625 0.6359375 0.03984375 0.14140625
3 0.0453125 0.196875 0.02890625 0.0890625
3 0.7890625 0.65703125 0.03515625 0.15
1 0.70546875 0.515625 0.0109375 0.03203125