3 0.30546875 0.3390625 0.01796875 0.05625
3 0.5484375 0.628125 0.03984375 0.09609375
3 0.078125 0.18359375 0.0515625 0.146875
3 0.0453125 0.42578125 0.02265625 0.08828125
3 0.4015625 0.43671875 0.02578125 0.08828125
3 0.1375 0.38203125 0.02578125 0.08828125
3 0.7421875 0.7453125 0.03671875 0.11328125
3 0.3171875 0.37890625 0.02734375 0.08359375
3 0.35546875 0.4828125 0.03359375 0.07890625
3 0.5671875 0.53203125 0.028125 0.090625
3 0.025 0.46484375 0.02421875 0.0796875
3 0.95703125 0.48671875 0.02890625 0.0953125