3 0.57421875 0.55078125 0.01796875 0.090625
3 0.26484375 0.40234375 0.01796875 0.07265625
3 0.21875 0.47734375 0.02109375 0.07890625
3 0.03984375 0.90859375 0.02890625 0.1140625
3 0.95625 0.79375 0.01953125 0.10625
3 0.896875 0.734375 0.04375 0.10703125
3 0.1734375 0.5515625 0.0265625 0.0859375
3 0.8984375 0.859375 0.02265625 0.1125
3 0.55859375 0.53203125 0.01796875 0.0875
3 0.88203125 0.85625 0.0203125 0.11328125
3 0.00703125 0.51484375 0.0140625 0.0890625
3 0.4734375 0.55625 0.01796875 0.07421875
3 0.33984375 0.62109375 0.0296875 0.0859375
3 0.41484375 0.4921875 0.01875 0.08046875
3 0.44609375 0.3734375 0.01796875 0.071875
3 0.3984375 0.49765625 0.0171875 0.07890625
3 0.209375 0.39609375 0.0203125 0.07890625
3 0.3796875 0.69765625 0.0234375 0.0890625