3 0.2390625 0.54140625 0.0453125 0.11640625
3 0.1859375 0.271875 0.03046875 0.08359375
3 0.46796875 0.51328125 0.040625 0.10703125
3 0.375 0.425 0.0359375 0.10546875
3 0.45 0.3515625 0.025 0.1
3 0.009375 0.96953125 0.0171875 0.05859375
3 0.0859375 0.33515625 0.03515625 0.09609375
3 0.0265625 0.3046875 0.03125 0.08203125
3 0.0890625 0.44921875 0.03046875 0.10703125
3 0.25703125 0.77109375 0.05 0.13046875
3 0.4328125 0.40859375 0.02421875 0.096875
1 0.6734375 0.41328125 0.0109375 0.01796875
3 0.01640625 0.5296875 0.0328125 0.1234375