3 0.2015625 0.51796875 0.0296875 0.075
3 0.553125 0.5515625 0.03359375 0.0859375
3 0.04140625 0.346875 0.0203125 0.06953125
3 0.7421875 0.54453125 0.0296875 0.08046875
3 0.6484375 0.37734375 0.02734375 0.06796875
3 0.2890625 0.86484375 0.02734375 0.10703125
3 0.6296875 0.66953125 0.03046875 0.08046875
3 0.10703125 0.45703125 0.034375 0.071875
3 0.0953125 0.27578125 0.0296875 0.059375
3 0.48671875 0.4421875 0.0328125 0.07109375
3 0.13828125 0.51484375 0.0234375 0.08203125
3 0.0875 0.6796875 0.03359375 0.090625
1 0.5875 0.58828125 0.0109375 0.01796875
3 0.3828125 0.23984375 0.0296875 0.05703125
3 0.5453125 0.30390625 0.028125 0.0609375
3 0.71953125 0.603125 0.0359375 0.084375
3 0.4015625 0.58125 0.02578125 0.09296875