3 0.58671875 0.4125 0.03359375 0.103125
3 0.59609375 0.27265625 0.02265625 0.08828125
3 0.940625 0.25703125 0.02421875 0.09609375
3 0.16875 0.459375 0.0265625 0.10390625
3 0.390625 0.38828125 0.03203125 0.121875
3 0.915625 0.40625 0.02578125 0.10546875
3 0.6609375 0.45703125 0.03359375 0.10625
3 0.33046875 0.75703125 0.034375 0.14140625
3 0.51484375 0.13359375 0.028125 0.06953125
1 0.5359375 0.47109375 0.0109375 0.01640625
3 0.87109375 0.37421875 0.034375 0.103125
3 0.81875 0.53125 0.03359375 0.09296875