3 0.0984375 0.89921875 0.0390625 0.12109375
3 0.496875 0.4546875 0.02109375 0.090625
3 0.7546875 0.446875 0.02421875 0.0734375
3 0.1078125 0.56640625 0.02578125 0.096875
3 0.6125 0.45078125 0.01953125 0.07890625
3 0.5984375 0.38828125 0.01875 0.065625
3 0.60234375 0.728125 0.0265625 0.109375
3 0.87421875 0.45234375 0.0296875 0.07890625
3 0.7375 0.56796875 0.0296875 0.09140625
1 0.39609375 0.43515625 0.009375 0.015625
3 0.6984375 0.3640625 0.015625 0.06953125
3 0.890625 0.371875 0.02734375 0.071875
3 0.4234375 0.26015625 0.01796875 0.065625
3 0.9625 0.9125 0.0453125 0.1140625
3 0.509375 0.48828125 0.01875 0.0765625
3 0.434375 0.37890625 0.03125 0.071875
3 0.5734375 0.70078125 0.03203125 0.0984375
3 0.184375 0.44140625 0.02421875 0.08359375