3 0.9328125 0.659375 0.03046875 0.125
3 0.6171875 0.384375 0.03125 0.04453125
3 0.4265625 0.41953125 0.02265625 0.09140625
3 0.76875 0.46015625 0.02890625 0.10703125
3 0.2078125 0.325 0.01796875 0.08671875
1 0.5375 0.37890625 0.00859375 0.01640625
3 0.9625 0.6609375 0.0296875 0.125
3 0.14375 0.68359375 0.0328125 0.1203125
3 0.64140625 0.4484375 0.02890625 0.0859375
3 0.49140625 0.97265625 0.02578125 0.0546875
3 0.284375 0.3890625 0.0359375 0.08671875
3 0.57578125 0.359375 0.03046875 0.05859375
3 0.92109375 0.96796875 0.02578125 0.0640625
3 0.4328125 0.596875 0.02734375 0.11640625
3 0.32578125 0.40390625 0.03125 0.09609375