3 0.028125 0.9109375 0.04765625 0.09453125
3 0.3765625 0.534375 0.01953125 0.07890625
3 0.18515625 0.47890625 0.01875 0.075
3 0.121875 0.66171875 0.021875 0.07109375
1 0.64375 0.4171875 0.0078125 0.0125
3 0.40546875 0.29453125 0.0171875 0.05546875
3 0.1859375 0.36015625 0.0171875 0.05703125
3 0.2203125 0.571875 0.02109375 0.071875
3 0.459375 0.59453125 0.02265625 0.071875
3 0.415625 0.478125 0.01796875 0.071875
3 0.915625 0.68125 0.0296875 0.09609375
3 0.7203125 0.6078125 0.02265625 0.08203125
3 0.2703125 0.746875 0.01796875 0.096875
3 0.6609375 0.39453125 0.02421875 0.0640625
3 0.059375 0.44140625 0.0171875 0.0640625
3 0.99375 0.4484375 0.0125 0.075