3 0.76015625 0.46171875 0.0265625 0.0953125
3 0.0625 0.2765625 0.02265625 0.07578125
3 0.4453125 0.87109375 0.0375 0.15
3 0.89921875 0.81796875 0.05 0.11953125
3 0.5015625 0.10703125 0.01484375 0.0515625
3 0.80390625 0.21484375 0.0203125 0.06328125
3 0.4421875 0.23828125 0.01796875 0.06875
3 0.9203125 0.51875 0.02734375 0.10625
3 0.32734375 0.43203125 0.02734375 0.090625
1 0.15390625 0.6328125 0.0109375 0.02109375
3 0.021875 0.38125 0.02265625 0.08359375
3 0.95078125 0.771875 0.0421875 0.11484375
3 0.7828125 0.31328125 0.02421875 0.07890625
3 0.42578125 0.18671875 0.01640625 0.059375
3 0.7375 0.31953125 0.01953125 0.075
3 0.76796875 0.153125 0.01640625 0.0640625
3 0.3921875 0.43359375 0.03046875 0.09375
3 0.6609375 0.33203125 0.0203125 0.06953125
3 0.07578125 0.60078125 0.03984375 0.10078125
3 0.65390625 0.63359375 0.03515625 0.11796875