3 0.9875 0.2203125 0.01484375 0.04296875
3 0.0453125 0.403125 0.0171875 0.0625
1 0.20625 0.48828125 0.0078125 0.015625
3 0.85 0.81953125 0.025 0.09453125
3 0.3515625 0.68359375 0.02578125 0.08359375
3 0.875 0.36015625 0.021875 0.059375
3 0.71484375 0.96796875 0.028125 0.0609375
3 0.9875 0.403125 0.01640625 0.06796875
3 0.959375 0.30859375 0.021875 0.0609375
3 0.5390625 0.47890625 0.0234375 0.075
3 0.52265625 0.1640625 0.0125 0.0390625
3 0.734375 0.5296875 0.0234375 0.07109375
3 0.9140625 0.43515625 0.02109375 0.0625
3 0.84609375 0.4375 0.015625 0.0640625
3 0.32890625 0.71953125 0.021875 0.09140625
3 0.95078125 0.6375 0.025 0.0859375
3 0.5609375 0.26796875 0.01171875 0.053125
3 0.7171875 0.353125 0.01953125 0.05703125