3 0.6515625 0.26796875 0.0171875 0.05859375
3 0.9125 0.41796875 0.03125 0.075
3 0.5265625 0.590625 0.03046875 0.0765625
3 0.29375 0.66171875 0.03828125 0.084375
3 0.6578125 0.08671875 0.01640625 0.0484375
3 0.3296875 0.209375 0.01796875 0.0625
3 0.9625 0.67421875 0.034375 0.09296875
3 0.8265625 0.2953125 0.02421875 0.07109375
3 0.3078125 0.01875 0.01171875 0.034375
1 0.209375 0.778125 0.0109375 0.01796875
3 0.684375 0.359375 0.02265625 0.075
3 0.653125 0.3109375 0.021875 0.06640625
3 0.7828125 0.16171875 0.01796875 0.059375
3 0.3796875 0.390625 0.02265625 0.08359375
3 0.534375 0.796875 0.03359375 0.10703125
3 0.503125 0.084375 0.01640625 0.05
3 0.653125 0.828125 0.0296875 0.1015625
3 0.1375 0.7625 0.03984375 0.10546875
3 0.153125 0.40703125 0.0296875 0.08046875
3 0.846875 0.4234375 0.0234375 0.0890625
3 0.634375 0.196875 0.01953125 0.05546875
3 0.4640625 0.246875 0.01796875 0.0625
3 0.61875 0.58359375 0.02578125 0.078125