3 0.80234375 0.296875 0.02421875 0.1046875
3 0.75 0.25859375 0.02109375 0.08671875
1 0.18984375 0.7140625 0.0125 0.02421875
3 0.4546875 0.26171875 0.021875 0.0953125
3 0.14375 0.38359375 0.02734375 0.11171875
3 0.51171875 0.04921875 0.01484375 0.06484375
3 0.9796875 0.18046875 0.02578125 0.08515625
3 0.39765625 0.15 0.01796875 0.07578125
3 0.16640625 0.6375 0.03359375 0.1234375
3 0.92421875 0.278125 0.02578125 0.09375
3 0.76796875 0.478125 0.02890625 0.1109375
3 0.50625 0.459375 0.0265625 0.12109375
3 0.609375 0.45078125 0.03046875 0.1234375
3 0.5375 0.65859375 0.03515625 0.13125