3 0.49921875 0.196875 0.021875 0.071875
3 0.42421875 0.6140625 0.03671875 0.1390625
3 0.75703125 0.1984375 0.01796875 0.04375
3 0.2140625 0.45859375 0.02578125 0.1234375
3 0.33203125 0.5765625 0.028125 0.1265625
3 0.7328125 0.246875 0.02734375 0.084375
1 0.64375 0.19765625 0.01015625 0.01953125
3 0.62578125 0.325 0.01875 0.0890625
3 0.64375 0.3078125 0.0203125 0.09140625
3 0.390625 0.27890625 0.02421875 0.0953125
3 0.5671875 0.3328125 0.02890625 0.0953125
3 0.77734375 0.221875 0.03359375 0.07421875
3 0.35234375 0.27421875 0.03046875 0.084375