3 0.46796875 0.38046875 0.028125 0.10390625
1 0.21171875 0.39296875 0.0109375 0.01640625
3 0.403125 0.53984375 0.02734375 0.11484375
3 0.515625 0.27578125 0.02265625 0.0765625
3 0.78203125 0.528125 0.028125 0.10859375
3 0.290625 0.4296875 0.0359375 0.08515625
3 0.6734375 0.42890625 0.025 0.1015625
3 0.37890625 0.30703125 0.01953125 0.0890625
3 0.809375 0.70703125 0.03203125 0.140625
3 0.54296875 0.328125 0.02734375 0.0953125
3 0.1046875 0.45703125 0.03984375 0.10390625
3 0.69921875 0.40546875 0.02734375 0.11328125
3 0.5078125 0.36640625 0.02578125 0.10390625
3 0.28125 0.78359375 0.03671875 0.1515625
3 0.82578125 0.51328125 0.03125 0.11328125
3 0.8234375 0.6359375 0.0265625 0.125
3 0.359375 0.31171875 0.02421875 0.08359375