3 0.38984375 0.28046875 0.0203125 0.071875
3 0.93359375 0.3265625 0.021875 0.09296875
2 0.0171875 0.12890625 0.01640625 0.06171875
3 0.17734375 0.3671875 0.021875 0.0953125
3 0.84921875 0.31953125 0.02421875 0.0765625
3 0.2859375 0.559375 0.04609375 0.103125
3 0.36015625 0.34140625 0.034375 0.06953125
3 0.2140625 0.8953125 0.0640625 0.13359375
3 0.1828125 0.2640625 0.02265625 0.0703125
3 0.45234375 0.43828125 0.01796875 0.090625
3 0.325 0.734375 0.05390625 0.1109375
1 0.7859375 0.35546875 0.01328125 0.0203125
3 0.56328125 0.221875 0.015625 0.0703125
3 0.40390625 0.25078125 0.01640625 0.05703125
3 0.4625 0.3890625 0.01953125 0.034375
2 0.4328125 0.78671875 0.0546875 0.13359375