3 0.540625 0.52265625 0.021875 0.07578125
3 0.496875 0.82421875 0.02734375 0.1265625
3 0.42109375 0.665625 0.021875 0.0953125
3 0.59375 0.70078125 0.025 0.09609375
1 0.49765625 0.77109375 0.01015625 0.015625
3 0.33046875 0.21171875 0.0140625 0.05703125
3 0.5640625 0.44453125 0.02421875 0.07578125
3 0.62734375 0.68828125 0.028125 0.08671875
3 0.34921875 0.48828125 0.01796875 0.08515625
3 0.6046875 0.54921875 0.0234375 0.08046875
3 0.44765625 0.23984375 0.01484375 0.06015625
3 0.14296875 0.35859375 0.01640625 0.071875
3 0.74375 0.2171875 0.0140625 0.05546875
3 0.33671875 0.628125 0.0203125 0.090625
3 0.58828125 0.33984375 0.01796875 0.06953125
3 0.2734375 0.4859375 0.021875 0.08203125
3 0.8390625 0.5671875 0.025 0.09140625
3 0.2546875 0.42265625 0.0171875 0.08046875
3 0.828125 0.55703125 0.01875 0.09765625