3 0.96953125 0.9265625 0.040625 0.1109375
3 0.53671875 0.58828125 0.0265625 0.07890625
3 0.63125 0.425 0.03671875 0.0859375
1 0.30546875 0.55703125 0.0109375 0.01640625
3 0.6140625 0.246875 0.028125 0.0609375
3 0.021875 0.30546875 0.021875 0.05546875
3 0.478125 0.48203125 0.034375 0.08359375
3 0.93125 0.571875 0.02890625 0.09296875
3 0.3671875 0.38203125 0.0234375 0.06953125
3 0.67421875 0.26640625 0.028125 0.06640625
3 0.390625 0.52109375 0.03359375 0.08359375
3 0.60703125 0.5625 0.0296875 0.078125
3 0.5828125 0.5625 0.02421875 0.09140625
3 0.446875 0.303125 0.025 0.0640625
3 0.6171875 0.084375 0.015625 0.0484375
3 0.67890625 0.515625 0.0296875 0.08359375
3 0.54140625 0.534375 0.03125 0.08046875
3 0.35625 0.4015625 0.03671875 0.0640625