3 0.7140625 0.40859375 0.021875 0.0859375
3 0.73125 0.75859375 0.04921875 0.103125
3 0.70546875 0.234375 0.01875 0.06796875
3 0.6015625 0.65390625 0.02890625 0.1
3 0.090625 0.66484375 0.0390625 0.0984375
3 0.6484375 0.60234375 0.02890625 0.0984375
3 0.30625 0.38828125 0.02421875 0.0875
3 0.4484375 0.315625 0.021875 0.08046875
3 0.3859375 0.49375 0.02890625 0.090625
3 0.3453125 0.61875 0.028125 0.09296875
3 0.27890625 0.203125 0.0171875 0.06953125
3 0.296875 0.58203125 0.03515625 0.08359375
3 0.75 0.0234375 0.01875 0.04140625
1 0.375 0.4671875 0.009375 0.015625
3 0.38984375 0.746875 0.0453125 0.1109375
3 0.1515625 0.49140625 0.03203125 0.10546875
3 0.346875 0.53828125 0.02265625 0.0734375
3 0.4078125 0.4921875 0.02421875 0.09296875
3 0.53515625 0.771875 0.040625 0.096875
3 0.6046875 0.46796875 0.0203125 0.09140625