1 0.38125 0.32734375 0.00703125 0.0125
3 0.6203125 0.31640625 0.02421875 0.053125
3 0.3296875 0.453125 0.02421875 0.08046875
3 0.70390625 0.4984375 0.021875 0.08046875
3 0.5140625 0.453125 0.01953125 0.06953125
3 0.08828125 0.29765625 0.0140625 0.05703125
3 0.06328125 0.834375 0.028125 0.1125
3 0.4234375 0.67734375 0.02421875 0.0875
3 0.665625 0.425 0.02265625 0.075
3 0.340625 0.3734375 0.02109375 0.0640625
3 0.39296875 0.81640625 0.0296875 0.1
3 0.228125 0.63515625 0.02265625 0.09296875
3 0.8140625 0.7796875 0.0265625 0.10703125
3 0.56796875 0.3 0.021875 0.05
3 0.096875 0.40234375 0.01875 0.07109375
3 0.3703125 0.30625 0.01484375 0.0484375
3 0.5828125 0.45859375 0.01796875 0.075
3 0.4109375 0.32109375 0.015625 0.053125
3 0.52265625 0.53671875 0.025 0.0765625
3 0.3890625 0.446875 0.02578125 0.071875
3 0.7359375 0.515625 0.02265625 0.08046875