3 0.328125 0.225 0.015625 0.0609375
3 0.4546875 0.4234375 0.02734375 0.09140625
3 0.684375 0.44375 0.02734375 0.0984375
3 0.421875 0.19609375 0.02421875 0.06640625
3 0.565625 0.284375 0.02578125 0.0765625
3 0.5703125 0.63828125 0.0421875 0.109375
3 0.48984375 0.3921875 0.0234375 0.09296875
3 0.3828125 0.715625 0.03828125 0.1234375
3 0.5390625 0.0453125 0.01484375 0.04609375
3 0.31328125 0.23984375 0.0171875 0.0765625
3 0.68125 0.20546875 0.02265625 0.06640625
3 0.1078125 0.65078125 0.03515625 0.11796875
3 0.365625 0.41796875 0.02109375 0.09140625
1 0.8515625 0.71171875 0.01171875 0.01796875
3 0.54609375 0.10546875 0.0203125 0.0609375
3 0.45859375 0.840625 0.025 0.125
3 0.25 0.38203125 0.03515625 0.0859375
3 0.0125 0.809375 0.025 0.146875
3 0.328125 0.284375 0.021875 0.07890625
3 0.76171875 0.390625 0.0234375 0.0875
3 0.878125 0.68046875 0.03359375 0.11953125