3 0.1078125 0.31484375 0.01796875 0.0828125
3 0.51015625 0.309375 0.0203125 0.06796875
3 0.3953125 0.35390625 0.021875 0.0765625
3 0.4421875 0.35234375 0.025 0.07421875
3 0.034375 0.27265625 0.0234375 0.06953125
1 0.50390625 0.334375 0.0078125 0.01171875
3 0.18125 0.49375 0.0203125 0.09140625
3 0.5671875 0.50546875 0.021875 0.1015625
3 0.853125 0.340625 0.0171875 0.084375
3 0.35546875 0.4234375 0.0265625 0.090625
3 0.73125 0.38203125 0.028125 0.08671875
3 0.07890625 0.5875 0.02578125 0.10859375
3 0.5609375 0.33984375 0.0234375 0.0265625
3 0.678125 0.565625 0.021875 0.1015625
3 0.01015625 0.715625 0.0203125 0.121875
3 0.01171875 0.4359375 0.02265625 0.09296875
3 0.9640625 0.5734375 0.025 0.1109375
3 0.08125 0.29140625 0.01875 0.08203125
3 0.59765625 0.33828125 0.0390625 0.03046875
3 0.6125 0.3234375 0.021875 0.053125