3 0.2234375 0.3171875 0.021875 0.07109375
3 0.6671875 0.04140625 0.01640625 0.05
3 0.50859375 0.63046875 0.0359375 0.06953125
3 0.815625 0.60859375 0.0234375 0.103125
3 0.70625 0.2921875 0.02265625 0.07109375
3 0.24375 0.284375 0.02265625 0.06953125
3 0.728125 0.18671875 0.0203125 0.065625
3 0.51875 0.790625 0.04140625 0.10390625
3 0.409375 0.10390625 0.01640625 0.05859375
3 0.13828125 0.73125 0.0296875 0.109375
3 0.62109375 0.59296875 0.025 0.078125
3 0.528125 0.90234375 0.0390625 0.1265625
3 0.628125 0.2484375 0.02421875 0.06640625
3 0.2265625 0.709375 0.0359375 0.09296875
1 0.521875 0.8484375 0.00859375 0.01640625
3 0.3328125 0.35234375 0.02109375 0.0765625
3 0.209375 0.4171875 0.02734375 0.084375
3 0.29921875 0.503125 0.0296875 0.0859375
3 0.45 0.3890625 0.02421875 0.0859375
3 0.2203125 0.54609375 0.03203125 0.09140625