3 0.84609375 0.42890625 0.02734375 0.1234375
3 0.6328125 0.42734375 0.0234375 0.125
3 0.50859375 0.66171875 0.03828125 0.13046875
3 0.7703125 0.584375 0.02890625 0.12109375
3 0.29609375 0.37421875 0.01953125 0.05703125
3 0.30390625 0.43828125 0.025 0.12109375
1 0.63515625 0.6203125 0.01484375 0.02578125
3 0.36953125 0.4296875 0.02265625 0.109375
3 0.5859375 0.4296875 0.0171875 0.109375
3 0.4390625 0.4234375 0.0296875 0.11640625
3 0.309375 0.4328125 0.01640625 0.11796875
3 0.35546875 0.55 0.03046875 0.11875
3 0.5203125 0.44609375 0.0375 0.11484375
3 0.6140625 0.42421875 0.02109375 0.12421875
3 0.44921875 0.22578125 0.04296875 0.10859375
3 0.5703125 0.43125 0.02109375 0.10625
3 0.53984375 0.634375 0.034375 0.13515625
3 0.8109375 0.4296875 0.02578125 0.109375
3 0.54765625 0.43125 0.02890625 0.11328125
3 0.5015625 0.42890625 0.02109375 0.1109375
3 0.61796875 0.9171875 0.04140625 0.1453125
3 0.3421875 0.421875 0.0203125 0.12890625
3 0.6 0.4265625 0.01640625 0.11171875