3 0.13828125 0.884375 0.03671875 0.15234375
3 0.68046875 0.67421875 0.03203125 0.1609375
3 0.32265625 0.3859375 0.04765625 0.10546875
3 0.9375 0.68046875 0.04375 0.140625
3 0.8609375 0.60078125 0.04921875 0.13359375
3 0.8828125 0.6625 0.04453125 0.14140625
3 0.415625 0.42265625 0.02734375 0.11328125
1 0.32265625 0.4328125 0.00859375 0.01875
3 0.45625 0.54921875 0.0484375 0.13046875
3 0.6 0.7453125 0.03515625 0.1515625
3 0.4390625 0.40625 0.03046875 0.1015625
3 0.809375 0.55703125 0.04453125 0.13046875
3 0.82890625 0.53203125 0.0328125 0.13125
3 0.20390625 0.5296875 0.03359375 0.14140625