1 0.4125 0.8265625 0.0140625 0.025
3 0.7125 0.5171875 0.02890625 0.115625
3 0.65 0.31875 0.03203125 0.090625
3 0.3015625 0.5046875 0.02890625 0.1234375
3 0.66640625 0.2796875 0.0203125 0.0875
3 0.8234375 0.3484375 0.02421875 0.09453125
3 0.1515625 0.64140625 0.03828125 0.128125
3 0.109375 0.6546875 0.0390625 0.134375
0 0.28671875 0.2859375 0.03125 0.08359375
2 0.8890625 0.140625 0.02109375 0.06796875
3 0.38125 0.7453125 0.0328125 0.109375
3 0.4 0.759375 0.0359375 0.11796875
3 0.47890625 0.5015625 0.0359375 0.1109375
2 0.3328125 0.603125 0.04140625 0.12109375
3 0.56640625 0.346875 0.028125 0.096875
3 0.36328125 0.46875 0.028125 0.115625
3 0.7828125 0.3609375 0.021875 0.096875
3 0.6203125 0.37265625 0.02109375 0.10390625
3 0.565625 0.465625 0.02578125 0.10859375