3 0.371875 0.3171875 0.01796875 0.0765625
3 0.5859375 0.43671875 0.025 0.084375
3 0.31796875 0.459375 0.0328125 0.090625
3 0.85 0.7640625 0.03359375 0.11953125
3 0.63828125 0.284375 0.0234375 0.0734375
3 0.9265625 0.3765625 0.02578125 0.08359375
3 0.71796875 0.3203125 0.015625 0.065625
3 0.6296875 0.48828125 0.02109375 0.09609375
3 0.83515625 0.246875 0.021875 0.06640625
3 0.465625 0.37890625 0.021875 0.078125
3 0.6421875 0.53671875 0.0234375 0.0984375
3 0.425 0.58046875 0.02734375 0.10546875
3 0.71875 0.37734375 0.01875 0.08203125
3 0.6375 0.203125 0.01796875 0.059375
3 0.521875 0.125 0.0125 0.053125
3 0.23984375 0.8296875 0.0296875 0.12890625