3 0.828125 0.303125 0.01640625 0.071875
3 0.63046875 0.34296875 0.02578125 0.06328125
3 0.36953125 0.4609375 0.03125 0.08671875
3 0.9796875 0.6265625 0.02734375 0.1109375
1 0.28984375 0.30859375 0.00703125 0.01484375
3 0.72265625 0.39140625 0.02265625 0.08671875
3 0.3703125 0.25390625 0.02265625 0.06171875
3 0.8046875 0.29921875 0.02109375 0.07109375
3 0.6484375 0.68046875 0.0359375 0.109375
3 0.2765625 0.50546875 0.028125 0.09296875
3 0.69921875 0.41328125 0.021875 0.08359375
3 0.97265625 0.36328125 0.03046875 0.07578125
3 0.984375 0.51328125 0.02421875 0.0984375
3 0.31171875 0.2796875 0.02109375 0.06875
3 0.9015625 0.328125 0.0296875 0.084375
3 0.6265625 0.43515625 0.03046875 0.090625