3 0.26640625 0.4 0.0203125 0.1203125
3 0.59921875 0.39921875 0.01875 0.05390625
3 0.59453125 0.48125 0.02109375 0.11640625
1 0.63515625 0.621875 0.01328125 0.021875
3 0.63203125 0.428125 0.01953125 0.121875
3 0.509375 0.42734375 0.02265625 0.1140625
3 0.44921875 0.2234375 0.0375 0.109375
3 0.3015625 0.421875 0.0203125 0.121875
3 0.58515625 0.42734375 0.01484375 0.11015625
3 0.3296875 0.42890625 0.02265625 0.11875
3 0.80703125 0.44140625 0.03203125 0.08984375
3 0.6140625 0.42421875 0.0203125 0.121875
3 0.63984375 0.88515625 0.0359375 0.13359375
3 0.5375 0.63671875 0.03359375 0.13828125
3 0.534375 0.42890625 0.01796875 0.11171875
3 0.3328125 0.56171875 0.03359375 0.1234375
3 0.3703125 0.428125 0.02109375 0.10859375
3 0.7609375 0.58671875 0.02578125 0.11015625
3 0.2765625 0.41953125 0.01640625 0.115625
3 0.5703125 0.428125 0.0203125 0.11015625
3 0.54921875 0.43359375 0.01796875 0.11015625
3 0.41875 0.4234375 0.021875 0.11796875
3 0.84609375 0.434375 0.02109375 0.11484375