3 0.5984375 0.49921875 0.02890625 0.13046875
3 0.24296875 0.41015625 0.028125 0.1109375
3 0.5171875 0.45703125 0.02890625 0.11171875
3 0.27421875 0.3734375 0.02890625 0.10546875
3 0.63828125 0.50546875 0.03515625 0.12109375
3 0.40234375 0.37421875 0.0203125 0.11171875
3 0.7203125 0.43203125 0.028125 0.11171875
3 0.48828125 0.44453125 0.03203125 0.109375
3 0.4203125 0.38359375 0.02734375 0.11328125
3 0.84296875 0.15859375 0.02265625 0.0796875
3 0.95078125 0.553125 0.03046875 0.12578125
3 0.4421875 0.3875 0.02421875 0.103125
3 0.359375 0.434375 0.03203125 0.11171875
3 0.6484375 0.43515625 0.03203125 0.059375
3 0.496875 0.55078125 0.0296875 0.11484375
3 0.571875 0.48359375 0.03046875 0.12578125
3 0.7578125 0.45234375 0.02421875 0.11171875
3 0.46484375 0.53359375 0.03359375 0.1296875
3 0.6703125 0.50546875 0.0265625 0.1265625
3 0.72890625 0.14140625 0.01875 0.08671875
1 0.721875 0.19375 0.00703125 0.01328125
3 0.57265625 0.621875 0.03203125 0.134375