3 0.69375 0.52265625 0.02734375 0.09921875
3 0.32734375 0.31796875 0.0234375 0.07421875
3 0.2796875 0.396875 0.01875 0.0921875
3 0.4953125 0.509375 0.02578125 0.09453125
3 0.3296875 0.25546875 0.021875 0.06171875
3 0.82734375 0.315625 0.01953125 0.08359375
3 0.640625 0.3515625 0.01875 0.08203125
3 0.8453125 0.41484375 0.025 0.09296875
1 0.5859375 0.3375 0.00703125 0.01171875
3 0.14921875 0.6125 0.0265625 0.115625
3 0.3609375 0.27578125 0.025 0.078125
3 0.23125 0.51953125 0.04375 0.10625
3 0.5390625 0.37109375 0.028125 0.0796875
3 0.4734375 0.334375 0.01953125 0.0796875
3 0.76171875 0.3125 0.02890625 0.0734375
3 0.47109375 0.44453125 0.025 0.09921875
3 0.84765625 0.4953125 0.021875 0.1015625
3 0.57890625 0.37109375 0.03203125 0.0734375
3 0.1640625 0.69375 0.0296875 0.125
3 0.6171875 0.3046875 0.02421875 0.0734375