3 0.6890625 0.465625 0.02890625 0.11171875
3 0.93125 0.2234375 0.02421875 0.090625
3 0.3984375 0.40546875 0.03046875 0.09375
3 0.71796875 0.59140625 0.03828125 0.11015625
2 0.5859375 0.0671875 0.02578125 0.08203125
1 0.2734375 0.50078125 0.01171875 0.01953125
3 0.98671875 0.81328125 0.02578125 0.153125
3 0.89140625 0.353125 0.02421875 0.1046875
3 0.221875 0.74375 0.0234375 0.04140625
3 0.67421875 0.2234375 0.02421875 0.090625
3 0.2265625 0.44765625 0.0296875 0.09375
3 0.44140625 0.31796875 0.02421875 0.10078125
3 0.653125 0.44140625 0.02734375 0.0984375