3 0.9609375 0.56015625 0.0359375 0.14609375
3 0.9671875 0.34765625 0.02890625 0.13203125
3 0.5625 0.17890625 0.025 0.08515625
3 0.36015625 0.24765625 0.02890625 0.103125
3 0.4515625 0.31640625 0.0265625 0.1234375
3 0.7890625 0.25 0.02734375 0.11484375
3 0.24375 0.1890625 0.03671875 0.10390625
3 0.64140625 0.18671875 0.02421875 0.0890625
3 0.19453125 0.77109375 0.040625 0.1609375
3 0.28359375 0.32578125 0.03046875 0.11796875
3 0.54375 0.1828125 0.01640625 0.0734375
3 0.70078125 0.2640625 0.03046875 0.11640625
3 0.27890625 0.41875 0.034375 0.11875
1 0.52578125 0.2015625 0.009375 0.01640625
3 0.59140625 0.35703125 0.03203125 0.115625
3 0.4359375 0.19765625 0.025 0.0953125
3 0.38515625 0.20625 0.02265625 0.10390625
3 0.58828125 0.18515625 0.025 0.09453125