3 0.74296875 0.6875 0.0359375 0.13203125
3 0.35078125 0.384375 0.02265625 0.08828125
3 0.6046875 0.5 0.028125 0.1140625
3 0.93984375 0.64453125 0.0234375 0.06328125
1 0.1984375 0.4421875 0.00859375 0.01640625
3 0.69765625 0.6359375 0.0328125 0.13671875
3 0.325 0.34765625 0.0265625 0.08359375
3 0.1359375 0.390625 0.02421875 0.096875
3 0.7359375 0.55859375 0.04375 0.11484375
3 0.95234375 0.72265625 0.03203125 0.12890625
3 0.99140625 0.7734375 0.01640625 0.1359375
3 0.42265625 0.63671875 0.03125 0.1265625
3 0.359375 0.47890625 0.03671875 0.09453125
3 0.88125 0.67109375 0.03046875 0.13515625
3 0.1828125 0.68515625 0.02578125 0.1375
3 0.81171875 0.596875 0.03671875 0.11953125
3 0.9265625 0.721875 0.03984375 0.1578125
3 0.64296875 0.525 0.03046875 0.1203125
3 0.90234375 0.6453125 0.02734375 0.12890625
3 0.21640625 0.55390625 0.0265625 0.125
3 0.46953125 0.64453125 0.02578125 0.13125