3 0.33671875 0.17578125 0.01875 0.06171875
3 0.83046875 0.2890625 0.01875 0.0703125
3 0.7890625 0.44609375 0.02265625 0.090625
3 0.19609375 0.28359375 0.01953125 0.0796875
3 0.26953125 0.44140625 0.02890625 0.09140625
3 0.93828125 0.39140625 0.02109375 0.08828125
3 0.73984375 0.24140625 0.01875 0.07109375
3 0.6203125 0.21640625 0.0171875 0.06640625
3 0.29609375 0.26015625 0.01875 0.07578125
3 0.72109375 0.44921875 0.02734375 0.0796875
3 0.4875 0.34375 0.01875 0.07421875
3 0.4984375 0.26015625 0.01796875 0.06640625
1 0.290625 0.2953125 0.01015625 0.01640625
3 0.87421875 0.29921875 0.01875 0.0765625
3 0.01953125 0.5 0.02265625 0.10546875
3 0.36328125 0.72421875 0.025 0.11875