3 0.45234375 0.2640625 0.02265625 0.071875
3 0.45703125 0.4515625 0.02578125 0.08671875
3 0.571875 0.590625 0.03046875 0.10859375
3 0.81796875 0.41328125 0.025 0.071875
3 0.8203125 0.828125 0.0578125 0.1234375
3 0.86953125 0.575 0.02734375 0.1
3 0.62890625 0.4734375 0.025 0.08984375
3 0.9078125 0.38203125 0.0265625 0.07578125
3 0.9703125 0.378125 0.0296875 0.07890625
3 0.5421875 0.66328125 0.03515625 0.109375
3 0.47109375 0.59453125 0.03671875 0.1109375
1 0.796875 0.440625 0.01015625 0.01875
3 0.78671875 0.3390625 0.02890625 0.0734375
3 0.7421875 0.365625 0.01796875 0.07109375
3 0.80234375 0.41484375 0.021875 0.071875