3 0.9625 0.45078125 0.0328125 0.08046875
3 0.628125 0.45390625 0.02265625 0.0734375
3 0.33515625 0.46640625 0.0328125 0.08515625
3 0.58203125 0.14765625 0.0125 0.040625
3 0.5546875 0.28046875 0.021875 0.0609375
3 0.27109375 0.728125 0.03359375 0.10859375
3 0.9921875 0.3671875 0.015625 0.071875
3 0.5796875 0.34453125 0.01875 0.0640625
3 0.53125 0.45390625 0.025 0.07890625
3 0.446875 0.3640625 0.02890625 0.07578125
3 0.640625 0.24765625 0.02265625 0.0546875
3 0.45703125 0.5921875 0.0265625 0.08828125
3 0.24140625 0.6484375 0.02890625 0.0890625
3 0.64453125 0.378125 0.028125 0.06875
1 0.25234375 0.74453125 0.00859375 0.01875
3 0.634375 0.321875 0.02734375 0.0640625
3 0.6578125 0.76484375 0.0515625 0.10078125