3 0.58203125 0.496875 0.0234375 0.0859375
3 0.140625 0.384375 0.01640625 0.07734375
3 0.46328125 0.33046875 0.0234375 0.06796875
3 0.58359375 0.36796875 0.0234375 0.06640625
3 0.57578125 0.24375 0.0125 0.05390625
3 0.25546875 0.59375 0.021875 0.08046875
3 0.3140625 0.4015625 0.0203125 0.065625
1 0.3078125 0.44296875 0.0078125 0.01328125
3 0.74375 0.40546875 0.01640625 0.07109375
3 0.61875 0.775 0.03984375 0.090625
3 0.11953125 0.490625 0.03203125 0.0546875
3 0.97109375 0.30625 0.01875 0.06328125
3 0.31328125 0.3203125 0.01328125 0.059375
3 0.4125 0.2640625 0.01328125 0.0578125
3 0.325 0.55546875 0.0203125 0.08671875
3 0.9765625 0.54765625 0.01796875 0.08671875
3 0.7109375 0.53203125 0.02109375 0.084375
3 0.85078125 0.509375 0.02421875 0.07421875
3 0.5203125 0.9734375 0.04140625 0.0484375
3 0.05 0.28203125 0.0140625 0.06640625
3 0.4984375 0.11875 0.0125 0.040625
3 0.503125 0.8609375 0.0375 0.103125