3 0.43125 0.278125 0.02109375 0.08359375
3 0.60859375 0.49375 0.02421875 0.1109375
3 0.39609375 0.296875 0.03046875 0.071875
3 0.29296875 0.353125 0.02734375 0.10859375
3 0.234375 0.31328125 0.02578125 0.0953125
3 0.3625 0.3546875 0.021875 0.0890625
3 0.54765625 0.33203125 0.02578125 0.103125
3 0.0359375 0.57421875 0.03515625 0.1234375
1 0.459375 0.28125 0.00859375 0.01796875
3 0.184375 0.62734375 0.03359375 0.13203125
3 0.4296875 0.45390625 0.028125 0.109375
3 0.6703125 0.53359375 0.03359375 0.1140625
3 0.7171875 0.259375 0.0359375 0.09296875
3 0.10859375 0.7359375 0.03203125 0.13671875
3 0.70859375 0.35 0.028125 0.0984375
3 0.30546875 0.18046875 0.021875 0.09375