3 0.646875 0.34921875 0.028125 0.090625
3 0.94296875 0.19375 0.02421875 0.084375
3 0.7578125 0.34296875 0.0203125 0.08828125
3 0.57265625 0.12265625 0.01796875 0.065625
3 0.83359375 0.675 0.0375 0.12421875
3 0.4171875 0.24140625 0.02109375 0.078125
3 0.43984375 0.74609375 0.03671875 0.13828125
3 0.58359375 0.03125 0.01328125 0.05078125
3 0.446875 0.65625 0.03671875 0.121875
3 0.39453125 0.2296875 0.01953125 0.0796875
3 0.73046875 0.07890625 0.01953125 0.05859375
3 0.43671875 0.40390625 0.01796875 0.071875
3 0.421875 0.4109375 0.02265625 0.09375
3 0.621875 0.8703125 0.0375 0.15546875
3 0.25703125 0.3359375 0.025 0.096875
3 0.265625 0.49453125 0.03671875 0.1109375
3 0.7 0.25703125 0.0265625 0.078125
1 0.41953125 0.7828125 0.01015625 0.02109375
3 0.765625 0.296875 0.01953125 0.075
3 0.79375 0.16328125 0.01640625 0.071875
3 0.80625 0.9625 0.03359375 0.065625