3 0.15078125 0.396875 0.015625 0.06796875
3 0.9609375 0.45546875 0.02109375 0.06640625
3 0.95390625 0.396875 0.021875 0.0625
3 0.59453125 0.278125 0.0140625 0.053125
3 0.5203125 0.478125 0.02421875 0.0734375
3 0.8921875 0.4609375 0.01640625 0.071875
1 0.21640625 0.44921875 0.0078125 0.015625
3 0.584375 0.18828125 0.0125 0.04296875
3 0.66875 0.9796875 0.01953125 0.0375
3 0.86640625 0.85 0.0328125 0.1
3 0.3859375 0.70078125 0.02578125 0.09296875
3 0.7125 0.52734375 0.028125 0.06796875
3 0.7265625 0.37109375 0.0234375 0.05859375
3 0.36015625 0.75078125 0.0234375 0.09296875
3 0.9875 0.6515625 0.02421875 0.0859375