3 0.45546875 0.571875 0.0234375 0.07890625
3 0.69296875 0.4609375 0.021875 0.06640625
3 0.2078125 0.47734375 0.02265625 0.0734375
3 0.6125 0.34296875 0.025 0.05546875
3 0.15546875 0.72734375 0.0265625 0.09296875
3 0.55703125 0.24921875 0.0171875 0.05390625
3 0.3671875 0.53515625 0.01953125 0.0734375
3 0.7609375 0.803125 0.0328125 0.10390625
3 0.234375 0.44609375 0.02578125 0.0609375
3 0.6515625 0.5859375 0.02578125 0.08359375
3 0.74609375 0.49609375 0.028125 0.075
3 0.2078125 0.553125 0.0234375 0.0734375
3 0.39921875 0.30078125 0.015625 0.059375
3 0.24375 0.51953125 0.01953125 0.078125
3 0.3296875 0.2234375 0.01484375 0.0390625
3 0.82578125 0.409375 0.0265625 0.06953125
3 0.2375 0.721875 0.025 0.09609375
3 0.2296875 0.40625 0.0171875 0.034375
3 0.546875 0.371875 0.01953125 0.065625