3 0.5859375 0.23359375 0.0203125 0.059375
3 0.57265625 0.36171875 0.01640625 0.0703125
3 0.3 0.2453125 0.0171875 0.059375
3 0.671875 0.2703125 0.01875 0.0578125
3 0.8484375 0.51328125 0.0203125 0.08203125
3 0.3609375 0.49765625 0.0234375 0.07265625
3 0.47421875 0.14765625 0.01640625 0.04921875
3 0.646875 0.43515625 0.01953125 0.07421875
3 0.740625 0.41953125 0.02109375 0.0765625
3 0.44375 0.43203125 0.03125 0.06953125
3 0.346875 0.33359375 0.0171875 0.071875
1 0.36953125 0.49140625 0.0078125 0.01484375
3 0.6890625 0.84921875 0.0265625 0.11328125
3 0.4375 0.32578125 0.0171875 0.0734375
3 0.9515625 0.24921875 0.01796875 0.05625
3 0.0859375 0.5875 0.0359375 0.1015625
3 0.1046875 0.22578125 0.01484375 0.0609375
3 0.26953125 0.41484375 0.02890625 0.07109375
3 0.609375 0.22421875 0.01875 0.0609375
3 0.5828125 0.96796875 0.02578125 0.06328125
3 0.7140625 0.36796875 0.025 0.06640625
3 0.490625 0.3140625 0.0203125 0.05859375
3 0.5375 0.60546875 0.025 0.09296875
3 0.01015625 0.36953125 0.01953125 0.07578125