3 0.4703125 0.05078125 0.01953125 0.0734375
3 0.98828125 0.48203125 0.0234375 0.1109375
1 0.3953125 0.74453125 0.01796875 0.028125
3 0.584375 0.48671875 0.03046875 0.11796875
3 0.6859375 0.340625 0.0375 0.09453125
3 0.52265625 0.3328125 0.025 0.109375
3 0.20625 0.55703125 0.05 0.128125
3 0.86953125 0.2640625 0.0328125 0.096875
3 0.1203125 0.93125 0.028125 0.1375
3 0.65 0.50234375 0.02890625 0.13203125
3 0.3375 0.37109375 0.02734375 0.1109375
3 0.5125 0.61484375 0.034375 0.115625
3 0.4984375 0.259375 0.025 0.1
3 0.62578125 0.1296875 0.01875 0.08203125
3 0.2546875 0.221875 0.03046875 0.09140625