1 0.4484375 0.415625 0.0140625 0.01796875
3 0.5546875 0.346875 0.0390625 0.0765625
3 0.9375 0.359375 0.0421875 0.096875
3 0.56328125 0.19609375 0.028125 0.06953125
3 0.1515625 0.41484375 0.04609375 0.10703125
3 0.92734375 0.4546875 0.046875 0.1125
2 0.1921875 0.1734375 0.02265625 0.06640625
3 0.4640625 0.65625 0.0375 0.1234375
3 0.29921875 0.30234375 0.0375 0.09296875
3 0.31484375 0.39296875 0.0453125 0.09140625
3 0.7203125 0.5546875 0.04296875 0.1125
3 0.09453125 0.6109375 0.05 0.11953125
2 0.56640625 0.60234375 0.0375 0.12109375
3 0.4765625 0.36953125 0.03359375 0.08359375
3 0.7609375 0.4125 0.03671875 0.09140625
3 0.09296875 0.8578125 0.059375 0.1484375