3 0.3046875 0.9546875 0.02890625 0.090625
3 0.09140625 0.36640625 0.021875 0.075
3 0.6796875 0.61484375 0.0359375 0.0984375
3 0.1625 0.740625 0.02890625 0.12890625
3 0.13125 0.40546875 0.01796875 0.0859375
3 0.16796875 0.484375 0.0203125 0.10546875
3 0.7359375 0.34296875 0.0234375 0.075
3 0.5390625 0.51328125 0.02578125 0.1015625
3 0.8984375 0.77421875 0.0328125 0.12890625
3 0.2515625 0.6796875 0.0265625 0.115625
1 0.66640625 0.51328125 0.0109375 0.01796875
3 0.284375 0.4171875 0.02421875 0.07890625
3 0.546875 0.64921875 0.02265625 0.12109375
3 0.0125 0.80546875 0.025 0.1296875