3 0.3640625 0.19453125 0.015625 0.05546875
3 0.475 0.24765625 0.0203125 0.0625
3 0.546875 0.23125 0.01796875 0.06796875
3 0.565625 0.54140625 0.02421875 0.071875
3 0.10390625 0.503125 0.025 0.06953125
3 0.15859375 0.4140625 0.0234375 0.078125
3 0.559375 0.390625 0.01953125 0.0765625
3 0.3890625 0.475 0.02265625 0.08046875
3 0.2796875 0.18125 0.01640625 0.0625
3 0.403125 0.7171875 0.02890625 0.090625
3 0.609375 0.37265625 0.025 0.0765625
3 0.3921875 0.5296875 0.01796875 0.065625
3 0.7421875 0.84375 0.03359375 0.0984375
3 0.39296875 0.596875 0.03125 0.08203125
3 0.4265625 0.29765625 0.01640625 0.065625
3 0.4109375 0.52890625 0.0234375 0.071875
3 0.771875 0.6734375 0.02578125 0.0890625
3 0.4046875 0.30234375 0.01796875 0.06796875
3 0.93125 0.834375 0.03671875 0.1
1 0.475 0.6703125 0.009375 0.01796875
3 0.0703125 0.215625 0.0203125 0.06640625