3 0.7265625 0.46171875 0.03125 0.090625
3 0.75 0.096875 0.01796875 0.04453125
3 0.36796875 0.434375 0.0234375 0.071875
3 0.5875 0.478125 0.0296875 0.08359375
3 0.36484375 0.39765625 0.0125 0.02890625
3 0.6328125 0.640625 0.02421875 0.0890625
3 0.4421875 0.5234375 0.02265625 0.0890625
3 0.7703125 0.28671875 0.02265625 0.07109375
3 0.78359375 0.553125 0.025 0.084375
1 0.2859375 0.5109375 0.00859375 0.01640625
3 0.6515625 0.54765625 0.02734375 0.08203125
3 0.71796875 0.27890625 0.0140625 0.0640625
3 0.2359375 0.36953125 0.0265625 0.05859375
3 0.5421875 0.309375 0.01953125 0.06640625
3 0.77109375 0.61015625 0.021875 0.09609375
3 0.7546875 0.64609375 0.03046875 0.103125