3 0.75859375 0.51953125 0.02421875 0.1
3 0.50546875 0.48203125 0.0234375 0.09140625
3 0.23515625 0.92109375 0.03828125 0.13828125
3 0.153125 0.4875 0.0265625 0.09140625
3 0.715625 0.5015625 0.02421875 0.08515625
1 0.38984375 0.3796875 0.01015625 0.01484375
3 0.315625 0.46875 0.02578125 0.08671875
3 0.453125 0.39140625 0.02265625 0.08203125
3 0.83984375 0.71953125 0.02890625 0.109375
3 0.475 0.659375 0.0359375 0.10859375
3 0.271875 0.3234375 0.02265625 0.06015625
3 0.815625 0.8125 0.0375 0.12109375
3 0.57421875 0.42109375 0.0234375 0.08359375
3 0.659375 0.43671875 0.02421875 0.08671875
3 0.3828125 0.784375 0.0296875 0.1296875
3 0.55703125 0.359375 0.01953125 0.0703125
3 0.38046875 0.3515625 0.025 0.0734375
3 0.0859375 0.54375 0.03046875 0.09921875
3 0.4421875 0.490625 0.0203125 0.084375