3 0.3921875 0.34375 0.02265625 0.0625
3 0.1984375 0.425 0.0296875 0.078125
3 0.425 0.76953125 0.03125 0.096875
3 0.56953125 0.540625 0.0296875 0.0859375
3 0.83671875 0.38046875 0.0203125 0.06640625
3 0.3625 0.51484375 0.02734375 0.0765625
3 0.3109375 0.42421875 0.02265625 0.07109375
1 0.421875 0.4953125 0.009375 0.0125
3 0.1734375 0.4625 0.0265625 0.078125
3 0.3859375 0.459375 0.0234375 0.07109375
3 0.45859375 0.415625 0.0203125 0.0359375
3 0.45 0.45859375 0.01953125 0.05859375
3 0.57734375 0.490625 0.0234375 0.034375
3 0.4265625 0.39453125 0.01640625 0.06640625