3 0.1296875 0.55078125 0.02734375 0.1125
3 0.61640625 0.478125 0.0296875 0.1015625
3 0.4953125 0.3875 0.03359375 0.0890625
3 0.2734375 0.43515625 0.025 0.10390625
3 0.75234375 0.303125 0.0203125 0.07890625
3 0.47890625 0.765625 0.0375 0.15
3 0.55546875 0.80234375 0.034375 0.12890625
3 0.7078125 0.59609375 0.034375 0.11953125
3 0.4609375 0.271875 0.02734375 0.0734375
1 0.71796875 0.42578125 0.009375 0.015625
3 0.5859375 0.5 0.02578125 0.1109375
3 0.0828125 0.859375 0.0375 0.15546875
3 0.3984375 0.36484375 0.02734375 0.0875
3 0.728125 0.38515625 0.0359375 0.09296875
3 0.8875 0.4453125 0.028125 0.1015625
3 0.35390625 0.3515625 0.0296875 0.0890625
3 0.590625 0.325 0.03046875 0.071875
3 0.57265625 0.14921875 0.0171875 0.06796875
3 0.734375 0.2375 0.01953125 0.078125