3 0.5953125 0.375 0.0234375 0.071875
3 0.5015625 0.2109375 0.01953125 0.05546875
3 0.46875 0.4625 0.03203125 0.078125
1 0.284375 0.4984375 0.009375 0.01640625
3 0.8015625 0.33203125 0.02109375 0.06953125
3 0.80234375 0.4609375 0.025 0.0859375
3 0.56015625 0.4875 0.025 0.0890625
3 0.69609375 0.834375 0.0203125 0.0375
3 0.62265625 0.5578125 0.03125 0.0984375
3 0.2546875 0.5171875 0.03203125 0.0875
3 0.334375 0.5515625 0.02734375 0.096875
3 0.340625 0.9546875 0.04296875 0.090625
3 0.775 0.4203125 0.025 0.0765625
3 0.6390625 0.3140625 0.02109375 0.0640625
3 0.8796875 0.43828125 0.02890625 0.090625
3 0.24453125 0.3890625 0.025 0.071875
3 0.99375 0.353125 0.01171875 0.07109375
3 0.5859375 0.759375 0.05234375 0.115625