3 0.1359375 0.3609375 0.01875 0.078125
3 0.8671875 0.7671875 0.03125 0.12890625
3 0.0296875 0.778125 0.03125 0.1265625
3 0.65234375 0.609375 0.0328125 0.096875
3 0.18203125 0.471875 0.03125 0.0984375
1 0.6734375 0.5671875 0.01015625 0.01796875
3 0.5796875 0.6484375 0.0265625 0.1109375
3 0.5515625 0.50546875 0.02890625 0.096875
3 0.15234375 0.38828125 0.0203125 0.08203125
3 0.3359375 0.93984375 0.03125 0.1203125
3 0.31171875 0.415625 0.0234375 0.090625
3 0.2859375 0.671875 0.03046875 0.115625
3 0.1734375 0.73125 0.02578125 0.12890625
3 0.7671875 0.325 0.0265625 0.071875