3 0.8328125 0.75859375 0.03359375 0.11640625
3 0.6328125 0.50078125 0.02265625 0.09296875
3 0.61875 0.52421875 0.01875 0.1015625
3 0.228125 0.83984375 0.03046875 0.1375
3 0.3671875 0.3203125 0.01796875 0.0734375
3 0.5890625 0.428125 0.0203125 0.0875
3 0.4171875 0.578125 0.021875 0.1109375
3 0.4640625 0.38046875 0.03359375 0.078125
3 0.7046875 0.375 0.01796875 0.0890625
1 0.309375 0.49296875 0.009375 0.01640625
3 0.5046875 0.1234375 0.015625 0.053125
3 0.290625 0.465625 0.02734375 0.09453125
3 0.62421875 0.2796875 0.015625 0.07109375
3 0.68671875 0.31875 0.0234375 0.07109375
3 0.990625 0.25703125 0.01484375 0.071875
3 0.9125 0.3671875 0.02109375 0.08203125
3 0.6203125 0.2 0.01484375 0.0609375
3 0.8171875 0.24453125 0.01875 0.06953125