3 0.60234375 0.20390625 0.0421875 0.08359375
1 0.55 0.33203125 0.01171875 0.01953125
3 0.4984375 0.31953125 0.03359375 0.11015625
3 0.19140625 0.35390625 0.04453125 0.1109375
3 0.31796875 0.21640625 0.02890625 0.10390625
3 0.565625 0.18828125 0.03203125 0.09921875
3 0.80234375 0.34453125 0.028125 0.13046875
3 0.334375 0.24296875 0.03046875 0.09296875
3 0.1140625 0.69296875 0.05234375 0.15546875
3 0.44921875 0.2609375 0.04453125 0.09453125
3 0.15234375 0.28984375 0.03359375 0.109375
3 0.4515625 0.38203125 0.03671875 0.11328125