3 0.534375 0.3984375 0.02109375 0.06640625
3 0.5828125 0.4515625 0.02109375 0.071875
3 0.65 0.78984375 0.0265625 0.1015625
3 0.634375 0.459375 0.01875 0.0765625
3 0.971875 0.75234375 0.02734375 0.10390625
3 0.6984375 0.3296875 0.01484375 0.06796875
3 0.4796875 0.4140625 0.02734375 0.0640625
3 0.353125 0.6953125 0.02265625 0.0875
3 0.053125 0.66875 0.02578125 0.1015625
3 0.3984375 0.3578125 0.0234375 0.065625
3 0.5 0.284375 0.0171875 0.059375
3 0.42890625 0.45390625 0.0265625 0.06953125
1 0.4359375 0.40703125 0.00703125 0.0109375
3 0.7734375 0.40390625 0.0171875 0.078125
3 0.240625 0.64765625 0.02265625 0.090625
3 0.66640625 0.64453125 0.0234375 0.1
3 0.4828125 0.49375 0.01953125 0.08203125
3 0.90859375 0.75546875 0.025 0.1140625
3 0.1234375 0.27734375 0.01875 0.0515625
3 0.88984375 0.58515625 0.025 0.09296875
3 0.13828125 0.4609375 0.01875 0.08046875
3 0.16015625 0.87734375 0.028125 0.109375