3 0.49140625 0.64375 0.046875 0.14921875
3 0.034375 0.4484375 0.03359375 0.14453125
3 0.68359375 0.61640625 0.04140625 0.14296875
3 0.575 0.95234375 0.0390625 0.0953125
3 0.2515625 0.47109375 0.0375 0.10859375
3 0.0125 0.64375 0.025 0.15625
3 0.6 0.41953125 0.0265625 0.13359375
1 0.47734375 0.4671875 0.0109375 0.01953125
3 0.4671875 0.50390625 0.0390625 0.12421875
3 0.50390625 0.43671875 0.03828125 0.11796875
3 0.97109375 0.309375 0.04765625 0.12109375
3 0.25625 0.25859375 0.0203125 0.1015625
3 0.3578125 0.425 0.04609375 0.13359375
3 0.78359375 0.465625 0.03046875 0.14140625
3 0.52265625 0.45546875 0.0640625 0.05625
3 0.196875 0.11953125 0.0265625 0.096875
3 0.621875 0.43515625 0.03203125 0.128125
3 0.56875 0.2765625 0.0390625 0.11171875
3 0.3953125 0.36796875 0.01953125 0.1140625
3 0.83984375 0.22109375 0.05078125 0.10859375