3 0.28125 0.35546875 0.0296875 0.07890625
3 0.01484375 0.484375 0.02578125 0.09375
3 0.28671875 0.4140625 0.0265625 0.08984375
3 0.31640625 0.44296875 0.02578125 0.08984375
3 0.44375 0.40234375 0.0203125 0.06796875
1 0.45390625 0.36015625 0.00859375 0.01328125
3 0.47734375 0.36640625 0.02578125 0.0796875
3 0.928125 0.30703125 0.0203125 0.08125
3 0.878125 0.21171875 0.02421875 0.06171875
3 0.440625 0.45859375 0.03515625 0.0890625
3 0.50859375 0.4296875 0.03125 0.08515625
3 0.81953125 0.55703125 0.03359375 0.1046875
3 0.425 0.4 0.0234375 0.07578125
3 0.1046875 0.334375 0.02265625 0.08515625
3 0.9046875 0.259375 0.01640625 0.06796875
3 0.2078125 0.55703125 0.0328125 0.10078125
3 0.9359375 0.328125 0.01640625 0.06328125
3 0.321875 0.64765625 0.03984375 0.10859375
3 0.45234375 0.32734375 0.02734375 0.0859375