2 0.875 0.1359375 0.02421875 0.08046875
3 0.3296875 0.6390625 0.03984375 0.13359375
3 0.90625 0.22265625 0.02109375 0.09296875
0 0.346875 0.340625 0.028125 0.1265625
3 0.3328125 0.51015625 0.03046875 0.11796875
3 0.678125 0.43046875 0.02578125 0.10859375
3 0.57890625 0.2828125 0.0234375 0.10390625
3 0.18359375 0.4375 0.0296875 0.11953125
3 0.84375 0.65859375 0.0546875 0.128125
1 0.2140625 0.4796875 0.0140625 0.0234375
3 0.78125 0.31640625 0.02421875 0.10859375
3 0.65625 0.4828125 0.03359375 0.11796875
3 0.965625 0.3484375 0.025 0.1109375