3 0.4609375 0.31875 0.01796875 0.07890625
3 0.053125 0.38203125 0.01796875 0.08359375
3 0.3234375 0.975 0.0234375 0.04921875
3 0.37734375 0.48046875 0.01953125 0.08671875
3 0.8265625 0.809375 0.028125 0.11796875
3 0.1921875 0.2734375 0.015625 0.0703125
3 0.0765625 0.928125 0.03125 0.13046875
3 0.8390625 0.484375 0.028125 0.08125
3 0.64921875 0.6890625 0.028125 0.10859375
3 0.08046875 0.4265625 0.02265625 0.08515625
3 0.4515625 0.4375 0.0203125 0.0828125
3 0.0890625 0.67421875 0.01953125 0.103125
1 0.66484375 0.640625 0.00859375 0.0171875
3 0.8453125 0.6546875 0.025 0.09453125
3 0.58515625 0.5796875 0.0328125 0.08828125
3 0.63125 0.2265625 0.01640625 0.0640625
3 0.7 0.47734375 0.0234375 0.08671875
3 0.225 0.559375 0.0234375 0.1
3 0.6671875 0.7078125 0.0390625 0.1015625