3 0.2640625 0.47265625 0.05390625 0.2984375
3 0.3578125 0.46640625 0.0453125 0.2890625
3 0.0390625 0.65859375 0.07734375 0.275
3 0.3125 0.4640625 0.04453125 0.3109375
3 0.0625 0.434375 0.06796875 0.2234375
1 0.2484375 0.75625 0.028125 0.04296875
3 0.4796875 0.465625 0.05859375 0.2765625
3 0.45390625 0.67734375 0.065625 0.30703125
3 0.28359375 0.93984375 0.0796875 0.1203125
3 0.0953125 0.703125 0.06015625 0.31953125
3 0.3984375 0.47109375 0.0625 0.296875
3 0.4484375 0.46015625 0.03671875 0.24296875
3 0.72265625 0.27265625 0.096875 0.17890625