3 0.3296875 0.51953125 0.03671875 0.10859375
3 0.415625 0.08828125 0.01484375 0.05703125
3 0.309375 0.215625 0.01796875 0.065625
3 0.00546875 0.5625 0.0109375 0.08046875
3 0.1359375 0.41484375 0.0234375 0.09609375
3 0.6828125 0.37109375 0.021875 0.08046875
3 0.446875 0.12578125 0.01328125 0.0625
3 0.478125 0.28125 0.01796875 0.0734375
3 0.253125 0.28671875 0.01953125 0.07890625
3 0.8140625 0.65625 0.0421875 0.115625
3 0.3625 0.48359375 0.02421875 0.1
3 0.8890625 0.23046875 0.01875 0.071875
3 0.278125 0.2484375 0.01953125 0.075
3 0.834375 0.4734375 0.03203125 0.096875
3 0.10625 0.88984375 0.03515625 0.1375
3 0.62578125 0.3046875 0.01875 0.08203125
3 0.2421875 0.3203125 0.02109375 0.084375
3 0.4203125 0.375 0.01953125 0.0859375
3 0.5453125 0.19140625 0.01796875 0.0640625
3 0.2765625 0.46640625 0.02421875 0.09453125
1 0.78828125 0.553125 0.0109375 0.01953125
3 0.21640625 0.6375 0.0265625 0.121875