3 0.171875 0.47890625 0.0265625 0.12421875
3 0.2203125 0.0453125 0.02109375 0.07578125
3 0.31328125 0.26640625 0.025 0.1
3 0.08515625 0.215625 0.02734375 0.1015625
1 0.62265625 0.584375 0.01171875 0.01796875
3 0.6625 0.53671875 0.03125 0.14296875
3 0.00703125 0.4359375 0.0140625 0.10859375
3 0.13515625 0.66640625 0.034375 0.13671875
3 0.3640625 0.27109375 0.02890625 0.109375
3 0.7078125 0.26875 0.02734375 0.109375
3 0.16328125 0.56953125 0.04140625 0.12578125
3 0.13515625 0.609375 0.01796875 0.059375
3 0.01640625 0.2765625 0.02734375 0.0984375