3 0.33125 0.28671875 0.01875 0.075
3 0.803125 0.37734375 0.01953125 0.08203125
3 0.35 0.4734375 0.02109375 0.09140625
3 0.6796875 0.22265625 0.01640625 0.07265625
3 0.3328125 0.3828125 0.01953125 0.09140625
1 0.14296875 0.50234375 0.0078125 0.01640625
3 0.81640625 0.31953125 0.01796875 0.07890625
3 0.5265625 0.33203125 0.0203125 0.08125
3 0.84140625 0.85703125 0.03671875 0.12890625
3 0.64140625 0.50703125 0.02265625 0.09296875
3 0.20234375 0.690625 0.05 0.09921875
3 0.01328125 0.64765625 0.0265625 0.121875
3 0.14375 0.47265625 0.02265625 0.084375
3 0.0359375 0.29609375 0.02265625 0.0796875
3 0.61015625 0.303125 0.01875 0.07734375
3 0.615625 0.1578125 0.01484375 0.0625
3 0.48125 0.38125 0.02734375 0.08671875
3 0.684375 0.60390625 0.03671875 0.109375
3 0.8734375 0.4 0.02578125 0.0890625
3 0.58515625 0.25703125 0.01796875 0.06953125