3 0.73125 0.80703125 0.040625 0.103125
3 0.8515625 0.515625 0.02890625 0.08046875
3 0.4125 0.73359375 0.02421875 0.0890625
3 0.8015625 0.653125 0.02734375 0.09140625
3 0.45625 0.32890625 0.03046875 0.0640625
3 0.1828125 0.4421875 0.0203125 0.07109375
3 0.575 0.48359375 0.02265625 0.06953125
3 0.7359375 0.47890625 0.02265625 0.075
3 0.3609375 0.6203125 0.03515625 0.08203125
3 0.2703125 0.23671875 0.01328125 0.040625
3 0.3265625 0.7734375 0.03046875 0.09453125
3 0.8203125 0.43046875 0.02109375 0.075
3 0.06875 0.659375 0.0328125 0.090625
3 0.4953125 0.52578125 0.025 0.0734375
3 0.3734375 0.6640625 0.0265625 0.08046875
3 0.18125 0.396875 0.01875 0.0640625
3 0.58515625 0.3875 0.028125 0.05859375
3 0.3609375 0.4515625 0.02578125 0.071875
3 0.5625 0.8328125 0.0390625 0.10703125
3 0.0140625 0.55546875 0.028125 0.0859375
3 0.0390625 0.7234375 0.03515625 0.09140625