3 0.6015625 0.37734375 0.03515625 0.109375
3 0.15 0.74140625 0.03984375 0.178125
3 0.4953125 0.590625 0.03125 0.153125
3 0.465625 0.46796875 0.03203125 0.13046875
3 0.375 0.48359375 0.03203125 0.121875
3 0.146875 0.575 0.0265625 0.15
3 0.5859375 0.240625 0.02890625 0.1015625
3 0.040625 0.62890625 0.04140625 0.1359375
3 0.7984375 0.65546875 0.03203125 0.15859375
3 0.215625 0.7578125 0.0453125 0.16796875
3 0.03125 0.5453125 0.025 0.0515625
1 0.8140625 0.390625 0.01171875 0.02109375
3 0.265625 0.51328125 0.04296875 0.134375
3 0.171875 0.47734375 0.03359375 0.140625
3 0.05546875 0.55625 0.025 0.14609375
3 0.3046875 0.46953125 0.03671875 0.121875
3 0.85234375 0.3578125 0.0578125 0.09609375