3 0.17421875 0.9625 0.0234375 0.07421875
3 0.36953125 0.64609375 0.01875 0.0953125
3 0.2953125 0.69296875 0.025 0.0921875
3 0.5453125 0.91328125 0.028125 0.11328125
3 0.49453125 0.5296875 0.0171875 0.08203125
3 0.4421875 0.67890625 0.0171875 0.09140625
1 0.503125 0.75859375 0.009375 0.01875
3 0.8609375 0.89921875 0.021875 0.10859375
3 0.50625 0.97734375 0.03984375 0.04296875
3 0.434375 0.26875 0.0140625 0.0640625
3 0.7046875 0.3125 0.01484375 0.06484375
3 0.29296875 0.6140625 0.021875 0.08125
3 0.08046875 0.9765625 0.0203125 0.0453125
3 0.6 0.1765625 0.0125 0.0546875
3 0.85703125 0.8109375 0.02265625 0.096875
3 0.23828125 0.18984375 0.01328125 0.0578125
3 0.4296875 0.64453125 0.01484375 0.0890625
3 0.54921875 0.62265625 0.02578125 0.090625
3 0.021875 0.47890625 0.03046875 0.08125
3 0.15 0.8875 0.03359375 0.09140625
3 0.559375 0.55703125 0.03203125 0.08125
3 0.2171875 0.225 0.0140625 0.0609375
3 0.1171875 0.634375 0.0234375 0.084375
3 0.4890625 0.32109375 0.0171875 0.065625
3 0.37578125 0.5546875 0.01953125 0.0796875
3 0.3671875 0.309375 0.015625 0.06875
3 0.1546875 0.32265625 0.01640625 0.06875
3 0.4359375 0.646875 0.01953125 0.08515625