3 0.6703125 0.55546875 0.01953125 0.075
3 0.565625 0.36953125 0.01796875 0.05859375
3 0.26875 0.7234375 0.02578125 0.0890625
3 0.3484375 0.940625 0.03359375 0.10546875
3 0.565625 0.290625 0.01484375 0.04609375
3 0.15859375 0.534375 0.0203125 0.084375
3 0.27265625 0.37578125 0.0171875 0.059375
3 0.9234375 0.515625 0.021875 0.075
3 0.9046875 0.9234375 0.03515625 0.11953125
3 0.6515625 0.659375 0.03671875 0.0890625
3 0.4640625 0.7140625 0.02421875 0.0859375
1 0.5234375 0.32109375 0.00703125 0.0140625
3 0.11171875 0.7390625 0.03125 0.1
3 0.38515625 0.25 0.009375 0.046875
3 0.925 0.428125 0.02734375 0.07109375
3 0.6640625 0.93984375 0.040625 0.1203125
3 0.88828125 0.68203125 0.0234375 0.096875
3 0.68125 0.5109375 0.01953125 0.075
3 0.475 0.51875 0.02421875 0.0734375
3 0.565625 0.5078125 0.02265625 0.08203125