3 0.13671875 0.6265625 0.0328125 0.11328125
3 0.79453125 0.5609375 0.03125 0.1015625
3 0.59296875 0.66953125 0.04296875 0.115625
3 0.4046875 0.4921875 0.0296875 0.10625
3 0.2453125 0.4859375 0.02421875 0.1015625
3 0.534375 0.9375 0.03203125 0.12109375
3 0.59765625 0.16796875 0.015625 0.065625
3 0.64921875 0.11171875 0.01484375 0.05625
3 0.378125 0.34375 0.0234375 0.084375
3 0.096875 0.25625 0.01796875 0.08515625
1 0.67734375 0.68125 0.01328125 0.0234375
3 0.1640625 0.71875 0.03046875 0.11953125
3 0.42109375 0.29296875 0.02421875 0.07421875
3 0.33515625 0.36953125 0.02734375 0.08984375
3 0.5203125 0.21484375 0.01953125 0.0703125
3 0.77578125 0.30703125 0.02109375 0.08828125
3 0.53984375 0.58046875 0.03203125 0.103125
3 0.54921875 0.36171875 0.01953125 0.0796875
3 0.35078125 0.48203125 0.02578125 0.0953125
3 0.92265625 0.41484375 0.02890625 0.09453125
3 0.68359375 0.296875 0.02265625 0.08359375
3 0.81796875 0.54375 0.02421875 0.11640625