3 0.5046875 0.29296875 0.01015625 0.05390625
3 0.496875 0.96796875 0.021875 0.06328125
3 0.74609375 0.275 0.0140625 0.05078125
3 0.5015625 0.50390625 0.015625 0.06328125
3 0.29140625 0.221875 0.0125 0.04375
3 0.20546875 0.378125 0.01328125 0.05859375
3 0.246875 0.5671875 0.015625 0.07421875
3 0.54765625 0.97109375 0.0234375 0.05703125
3 0.5078125 0.415625 0.015625 0.0578125
3 0.503125 0.57578125 0.0125 0.071875
3 0.759375 0.34296875 0.01328125 0.05546875
3 0.55859375 0.35078125 0.0125 0.05546875
3 0.66328125 0.46171875 0.01171875 0.0734375
3 0.48515625 0.815625 0.02265625 0.10078125
3 0.865625 0.66015625 0.021875 0.078125
3 0.496875 0.23359375 0.01015625 0.04609375
3 0.14765625 0.47578125 0.01796875 0.07421875
3 0.4921875 0.3078125 0.0109375 0.05390625
3 0.43984375 0.3515625 0.01328125 0.0609375
3 0.3984375 0.490625 0.01328125 0.0640625
3 0.30625 0.2859375 0.01328125 0.05234375
3 0.8453125 0.44609375 0.0171875 0.0671875
1 0.5015625 0.43671875 0.00625 0.00859375
3 0.69296875 0.40234375 0.0125 0.059375
3 0.3765625 0.36953125 0.0140625 0.05859375