3 0.40859375 0.33125 0.01484375 0.07890625
3 0.88828125 0.25859375 0.021875 0.0609375
3 0.55078125 0.44140625 0.02265625 0.090625
3 0.8296875 0.4046875 0.025 0.090625
3 0.03203125 0.54140625 0.02734375 0.11015625
3 0.67421875 0.2640625 0.01953125 0.0515625
3 0.65546875 0.3703125 0.021875 0.08359375
3 0.89296875 0.4640625 0.02421875 0.08203125
3 0.24140625 0.31640625 0.02578125 0.07578125
3 0.7875 0.33984375 0.02578125 0.08359375
3 0.5765625 0.6890625 0.0328125 0.11640625
3 0.86953125 0.61328125 0.02890625 0.10859375
3 0.84609375 0.48671875 0.0265625 0.0984375
3 0.475 0.365625 0.01640625 0.08046875
3 0.88046875 0.38359375 0.02890625 0.08046875
3 0.7140625 0.27890625 0.01640625 0.059375
3 0.72421875 0.3046875 0.01640625 0.07421875
1 0.609375 0.303125 0.0078125 0.0140625
3 0.23515625 0.240625 0.0203125 0.06953125
3 0.23671875 0.4609375 0.02421875 0.0953125