3 0.06953125 0.509375 0.021875 0.06953125
3 0.61875 0.37265625 0.02421875 0.05390625
3 0.84375 0.403125 0.0234375 0.0625
3 0.15078125 0.57109375 0.0234375 0.078125
3 0.3640625 0.55859375 0.02265625 0.06953125
3 0.32265625 0.4921875 0.0203125 0.059375
3 0.1796875 0.79921875 0.02109375 0.09296875
3 0.7125 0.59609375 0.02890625 0.078125
3 0.3953125 0.65625 0.02578125 0.0875
3 0.07109375 0.9015625 0.034375 0.1
3 0.0828125 0.70625 0.02890625 0.0765625
3 0.55546875 0.97109375 0.0265625 0.0578125
3 0.875 0.67109375 0.021875 0.08359375
1 0.6296875 0.41015625 0.0078125 0.0125
3 0.2328125 0.28828125 0.01328125 0.0515625