3 0.71875 0.71796875 0.03046875 0.1234375
3 0.0921875 0.3765625 0.021875 0.08125
1 0.121875 0.40078125 0.00859375 0.01875
3 0.5390625 0.353125 0.01953125 0.07890625
3 0.18125 0.53046875 0.0265625 0.10703125
3 0.77109375 0.46171875 0.0234375 0.09453125
3 0.99140625 0.240625 0.01484375 0.075
3 0.971875 0.48046875 0.02578125 0.09921875
3 0.98359375 0.58671875 0.02265625 0.115625
3 0.21953125 0.48671875 0.03359375 0.10390625
3 0.37734375 0.68359375 0.03359375 0.12578125
3 0.0671875 0.40625 0.0296875 0.078125
3 0.64609375 0.60703125 0.0234375 0.11953125
3 0.71640625 0.14296875 0.01640625 0.05390625
3 0.63359375 0.51875 0.021875 0.0984375