3 0.31015625 0.41953125 0.0234375 0.078125
3 0.57265625 0.89921875 0.02421875 0.11328125
3 0.3515625 0.3796875 0.021875 0.07109375
3 0.9703125 0.26875 0.01796875 0.06953125
3 0.5125 0.5171875 0.0203125 0.08046875
3 0.4375 0.6578125 0.0265625 0.09140625
1 0.603125 0.515625 0.00703125 0.01640625
3 0.584375 0.4875 0.02578125 0.0765625
3 0.2390625 0.79453125 0.028125 0.1140625
3 0.64375 0.51796875 0.02578125 0.08125
3 0.6703125 0.38125 0.01953125 0.0703125
3 0.29609375 0.65859375 0.02578125 0.0953125
3 0.55625 0.97421875 0.0265625 0.05078125
3 0.44609375 0.26640625 0.02421875 0.05703125
3 0.55078125 0.609375 0.02109375 0.084375
3 0.015625 0.62265625 0.0234375 0.0984375
3 0.196875 0.59375 0.02265625 0.09453125
3 0.3015625 0.590625 0.0234375 0.07421875
3 0.9234375 0.64453125 0.0234375 0.09765625