1 0.2078125 0.3015625 0.0109375 0.01875
3 0.9234375 0.203125 0.01796875 0.071875
3 0.98671875 0.5375 0.02578125 0.1265625
3 0.08828125 0.22890625 0.02109375 0.08984375
3 0.3453125 0.34921875 0.03203125 0.0953125
3 0.91796875 0.26953125 0.021875 0.0984375
3 0.190625 0.290625 0.03046875 0.08125
3 0.52890625 0.22578125 0.025 0.08671875
3 0.43125 0.259375 0.01953125 0.0859375
3 0.94375 0.24609375 0.02265625 0.09375
3 0.45 0.2515625 0.02265625 0.090625
3 0.8046875 0.31640625 0.03359375 0.096875
3 0.51015625 0.403125 0.0328125 0.10546875
3 0.7453125 0.31796875 0.0328125 0.10078125
3 0.32890625 0.6859375 0.0421875 0.1546875
3 0.69609375 0.265625 0.02578125 0.096875
3 0.225 0.70625 0.040625 0.15390625