3 0.1828125 0.65859375 0.03828125 0.11640625
3 0.6234375 0.49921875 0.02421875 0.115625
3 0.1109375 0.30078125 0.02578125 0.1015625
3 0.1484375 0.43125 0.02890625 0.10390625
3 0.7703125 0.41171875 0.0359375 0.0875
3 0.3484375 0.51328125 0.02734375 0.11796875
3 0.4640625 0.3703125 0.02578125 0.0984375
2 0.0484375 0.25390625 0.02421875 0.06953125
1 0.715625 0.446875 0.01171875 0.02109375
3 0.028125 0.3453125 0.03515625 0.1015625
3 0.52734375 0.503125 0.025 0.1125
3 0.2796875 0.5015625 0.03828125 0.11953125
3 0.22890625 0.4109375 0.0234375 0.10546875
3 0.5859375 0.290625 0.01875 0.0859375
3 0.76953125 0.56953125 0.0375 0.1359375
3 0.453125 0.7734375 0.06015625 0.1390625
2 0.1234375 0.646875 0.03828125 0.13359375