3 0.8109375 0.6640625 0.04140625 0.128125
1 0.6 0.5640625 0.009375 0.01640625
3 0.5890625 0.48828125 0.03828125 0.07109375
3 0.03515625 0.74375 0.0515625 0.12890625
3 0.590625 0.5296875 0.0375 0.084375
3 0.5 0.6046875 0.03671875 0.1125
3 0.2484375 0.89921875 0.06328125 0.13203125
3 0.203125 0.628125 0.04921875 0.11640625
3 0.27734375 0.4109375 0.028125 0.09453125
3 0.5625 0.3984375 0.03046875 0.09140625
3 0.22265625 0.51484375 0.0375 0.10703125
3 0.6296875 0.28046875 0.02890625 0.071875
3 0.4046875 0.34921875 0.03671875 0.07890625
3 0.240625 0.43515625 0.03125 0.10390625
3 0.1734375 0.546875 0.034375 0.121875
3 0.30703125 0.62734375 0.0515625 0.109375
3 0.65859375 0.16015625 0.0140625 0.06796875
3 0.46953125 0.6859375 0.05 0.11640625
3 0.2078125 0.821875 0.0515625 0.1109375