3 0.7734375 0.4078125 0.03515625 0.10703125
3 0.74375 0.2640625 0.02109375 0.1
3 0.409375 0.78671875 0.05234375 0.140625
3 0.396875 0.66796875 0.03203125 0.1359375
3 0.28203125 0.22265625 0.01875 0.090625
3 0.33046875 0.478125 0.025 0.1125
3 0.41875 0.06328125 0.015625 0.0734375
3 0.1109375 0.4078125 0.02890625 0.1125
3 0.79375 0.728125 0.0390625 0.153125
3 0.325 0.3484375 0.03203125 0.10546875
3 0.0078125 0.528125 0.015625 0.13125
3 0.490625 0.55234375 0.03203125 0.1265625
3 0.3546875 0.46328125 0.02109375 0.1125
3 0.00390625 0.53359375 0.0078125 0.11953125
3 0.22890625 0.56171875 0.028125 0.13203125
3 0.59375 0.378125 0.021875 0.0984375
1 0.715625 0.60546875 0.01015625 0.021875
3 0.1640625 0.9640625 0.03671875 0.071875
3 0.703125 0.57109375 0.02890625 0.128125
3 0.1703125 0.33203125 0.03203125 0.1