3 0.57265625 0.2765625 0.03359375 0.146875
3 0.93203125 0.64296875 0.04375 0.1546875
3 0.63515625 0.74296875 0.0390625 0.15390625
1 0.59921875 0.571875 0.01015625 0.01875
3 0.58046875 0.5234375 0.040625 0.13515625
3 0.1375 0.29765625 0.0328125 0.10859375
3 0.45859375 0.51796875 0.0265625 0.13125
3 0.44609375 0.64375 0.03984375 0.15859375
3 0.47109375 0.46875 0.028125 0.1203125
3 0.68203125 0.64140625 0.03828125 0.146875
3 0.50390625 0.3890625 0.0390625 0.12109375
3 0.41015625 0.465625 0.03359375 0.1359375
3 0.0921875 0.54296875 0.03515625 0.14609375
3 0.53828125 0.503125 0.0390625 0.11796875
3 0.42734375 0.38359375 0.02734375 0.11484375
3 0.8953125 0.0515625 0.03359375 0.08125
3 0.47578125 0.3359375 0.03671875 0.11015625