3 0.9546875 0.70703125 0.04140625 0.103125
1 0.86640625 0.62421875 0.009375 0.0125
3 0.21328125 0.28984375 0.01796875 0.06796875
3 0.86640625 0.67265625 0.01875 0.11875
3 0.71953125 0.590625 0.0203125 0.090625
3 0.784375 0.56015625 0.028125 0.08828125
3 0.071875 0.6125 0.02109375 0.09296875
3 0.4125 0.4390625 0.01875 0.08203125
3 0.0640625 0.43046875 0.0203125 0.08125
3 0.41015625 0.69609375 0.03125 0.0953125
3 0.1515625 0.37578125 0.01875 0.078125
3 0.38984375 0.4359375 0.01875 0.08203125
3 0.3796875 0.69921875 0.0265625 0.096875
3 0.021875 0.94453125 0.034375 0.109375
3 0.753125 0.47890625 0.0203125 0.0859375
3 0.4703125 0.33046875 0.01640625 0.078125
3 0.3375 0.9703125 0.025 0.0578125
3 0.83984375 0.4703125 0.0265625 0.084375
3 0.6375 0.240625 0.015625 0.06171875
3 0.20234375 0.528125 0.02265625 0.09296875