3 0.7390625 0.49375 0.01796875 0.08359375
3 0.31875 0.53828125 0.0234375 0.07421875
3 0.0859375 0.5796875 0.025 0.0984375
3 0.65625 0.5453125 0.0203125 0.0859375
3 0.559375 0.753125 0.0234375 0.1046875
3 0.51328125 0.15546875 0.01875 0.05078125
3 0.27421875 0.265625 0.0171875 0.05859375
3 0.66796875 0.9703125 0.02890625 0.05859375
3 0.8703125 0.634375 0.02734375 0.08203125
3 0.6015625 0.25078125 0.0203125 0.05546875
3 0.53671875 0.33046875 0.01328125 0.071875
3 0.85625 0.71328125 0.02421875 0.10390625
3 0.69296875 0.29453125 0.01953125 0.0578125
3 0.165625 0.3609375 0.0203125 0.065625
3 0.09765625 0.134375 0.01875 0.04296875
3 0.79375 0.45 0.01640625 0.08125
3 0.0453125 0.2828125 0.015625 0.0609375
1 0.3484375 0.546875 0.00703125 0.0140625
3 0.54921875 0.34375 0.015625 0.07421875
3 0.203125 0.3171875 0.02109375 0.06484375
3 0.5828125 0.4140625 0.015625 0.06953125
3 0.61875 0.228125 0.01328125 0.05625
3 0.58359375 0.85625 0.0359375 0.1046875
3 0.19453125 0.18359375 0.01796875 0.04921875