3 0.58828125 0.453125 0.05 0.1984375
3 0.31796875 0.5765625 0.14296875 0.640625
3 0.70234375 0.4421875 0.04765625 0.1953125
3 0.53828125 0.45625 0.05546875 0.209375
3 0.878125 0.4578125 0.04453125 0.18828125
3 0.65625 0.47265625 0.0515625 0.234375
3 0.78671875 0.453125 0.04296875 0.2015625
3 0.215625 0.509375 0.08359375 0.34609375
1 0.62890625 0.80546875 0.05078125 0.0859375
3 0.46875 0.48671875 0.07578125 0.28515625
3 0.75234375 0.44921875 0.03515625 0.1703125
3 0.62890625 0.44453125 0.03984375 0.1984375
3 0.94375 0.44921875 0.04765625 0.19921875