3 0.6046875 0.28828125 0.0203125 0.0859375
3 0.57265625 0.2203125 0.0203125 0.078125
3 0.67421875 0.68203125 0.03515625 0.11953125
3 0.5140625 0.3671875 0.021875 0.08671875
3 0.19609375 0.421875 0.02421875 0.09375
3 0.625 0.5453125 0.03046875 0.10390625
3 0.56640625 0.43671875 0.03203125 0.08515625
3 0.7671875 0.5109375 0.025 0.1046875
3 0.15625 0.665625 0.0296875 0.11328125
3 0.9015625 0.50234375 0.025 0.10625
3 0.3859375 0.3140625 0.02578125 0.08125
3 0.75625 0.36953125 0.02265625 0.0890625
3 0.06484375 0.38671875 0.025 0.08828125
3 0.3859375 0.41953125 0.02421875 0.09453125
3 0.66328125 0.965625 0.03125 0.06796875
1 0.20625 0.46484375 0.0078125 0.0171875