3 0.9078125 0.45625 0.02734375 0.11796875
3 0.346875 0.37421875 0.02734375 0.10703125
3 0.84375 0.46875 0.02890625 0.12109375
3 0.6921875 0.10390625 0.01953125 0.078125
3 0.2671875 0.584375 0.04921875 0.12109375
3 0.71328125 0.2109375 0.0203125 0.096875
3 0.6640625 0.478125 0.03046875 0.11796875
1 0.346875 0.6234375 0.01328125 0.025
3 0.8359375 0.6828125 0.03046875 0.1484375
3 0.721875 0.60078125 0.03515625 0.12109375
3 0.76484375 0.203125 0.0203125 0.09140625
3 0.46328125 0.3078125 0.0234375 0.10390625
3 0.41796875 0.32265625 0.0234375 0.1015625
3 0.6890625 0.77109375 0.04453125 0.14140625
3 0.9046875 0.3125 0.0234375 0.10546875