3 0.77734375 0.484375 0.021875 0.075
3 0.3859375 0.321875 0.01484375 0.06484375
3 0.11875 0.24140625 0.01796875 0.06640625
3 0.11171875 0.47890625 0.02421875 0.09375
1 0.1828125 0.4671875 0.01015625 0.01796875
3 0.9796875 0.20546875 0.01953125 0.06171875
3 0.72265625 0.8640625 0.02421875 0.1015625
3 0.57734375 0.1015625 0.01640625 0.053125
3 0.7125 0.50625 0.01953125 0.08125
3 0.39140625 0.43203125 0.02421875 0.07890625
3 0.61328125 0.2609375 0.015625 0.05703125
3 0.90859375 0.33671875 0.01953125 0.0703125
3 0.56875 0.26953125 0.01796875 0.06875
3 0.31953125 0.30859375 0.01953125 0.06875
3 0.7984375 0.153125 0.0125 0.06015625
3 0.9875 0.25703125 0.01484375 0.06171875