3 0.225 0.3828125 0.01875 0.07109375
3 0.0109375 0.7859375 0.021875 0.103125
3 0.4953125 0.49609375 0.0234375 0.08046875
3 0.2921875 0.4078125 0.01953125 0.0734375
3 0.3671875 0.32890625 0.01796875 0.05546875
1 0.4640625 0.3234375 0.00546875 0.0109375
3 0.7890625 0.73515625 0.02734375 0.1015625
3 0.5328125 0.41796875 0.01953125 0.06640625
3 0.00625 0.4 0.0125 0.071875
3 0.4359375 0.3 0.02109375 0.05
3 0.6375 0.43359375 0.021875 0.08046875
3 0.515625 0.446875 0.01953125 0.071875
3 0.659375 0.3765625 0.0265625 0.071875
3 0.3984375 0.3234375 0.0265625 0.05546875
3 0.128125 0.64453125 0.0296875 0.096875
3 0.3359375 0.81015625 0.0296875 0.109375
3 0.278125 0.621875 0.0234375 0.08359375
3 0.403125 0.396875 0.02265625 0.075
3 0.6828125 0.4671875 0.02734375 0.07890625
3 0.459375 0.303125 0.021875 0.0484375