1 0.475 0.7140625 0.01796875 0.025
3 0.3921875 0.54609375 0.03671875 0.1109375
3 0.71484375 0.3109375 0.025 0.096875
3 0.2828125 0.3546875 0.02734375 0.090625
3 0.4171875 0.8546875 0.05546875 0.1484375
3 0.746875 0.553125 0.03125 0.11796875
3 0.11328125 0.54609375 0.0375 0.11640625
3 0.625 0.6453125 0.03359375 0.1234375
3 0.46171875 0.365625 0.0296875 0.103125
3 0.734375 0.40703125 0.0296875 0.103125
3 0.3125 0.51015625 0.02734375 0.11796875
3 0.0640625 0.628125 0.03203125 0.115625
3 0.5046875 0.115625 0.01640625 0.071875
3 0.1375 0.84296875 0.05078125 0.14140625
3 0.18515625 0.43515625 0.0328125 0.090625
3 0.40078125 0.26484375 0.0265625 0.0875
3 0.72265625 0.53984375 0.0265625 0.11796875
3 0.3609375 0.5390625 0.02578125 0.10859375
3 0.44765625 0.4453125 0.03125 0.09609375