3 0.84453125 0.29921875 0.021875 0.0734375
3 0.7171875 0.50703125 0.02890625 0.10546875
3 0.94453125 0.71640625 0.046875 0.125
3 0.92890625 0.371875 0.0375 0.07890625
1 0.4234375 0.753125 0.009375 0.01953125
3 0.70703125 0.3640625 0.0265625 0.0890625
3 0.33203125 0.6265625 0.0390625 0.08359375
3 0.5890625 0.334375 0.02265625 0.078125
3 0.390625 0.5109375 0.03984375 0.09453125
3 0.821875 0.0828125 0.0171875 0.05703125
3 0.3859375 0.459375 0.04609375 0.0765625
3 0.1796875 0.265625 0.03046875 0.075
3 0.5390625 0.534375 0.0328125 0.096875
3 0.69296875 0.24609375 0.021875 0.06953125
3 0.8859375 0.56484375 0.0375 0.109375
3 0.4375 0.74453125 0.03046875 0.11953125
3 0.9703125 0.1515625 0.0203125 0.06640625