3 0.390625 0.2546875 0.034375 0.109375
1 0.48671875 0.22109375 0.01015625 0.01796875
3 0.50546875 0.178125 0.0375 0.10703125
3 0.18828125 0.91640625 0.04140625 0.16640625
3 0.21328125 0.359375 0.03046875 0.12578125
3 0.96953125 0.77578125 0.0421875 0.14609375
3 0.646875 0.4109375 0.0515625 0.11875
3 0.31171875 0.5609375 0.04921875 0.1515625
3 0.04140625 0.22578125 0.03828125 0.1203125
3 0.23046875 0.3828125 0.03515625 0.1265625
3 0.7109375 0.396875 0.04453125 0.12109375
3 0.36015625 0.578125 0.0421875 0.15