3 0.728125 0.1640625 0.0203125 0.065625
3 0.55078125 0.51796875 0.034375 0.11171875
3 0.91875 0.61328125 0.03359375 0.121875
3 0.07265625 0.53203125 0.025 0.10546875
3 0.5265625 0.51171875 0.02265625 0.0890625
3 0.53984375 0.7265625 0.028125 0.11484375
3 0.25859375 0.428125 0.02890625 0.09375
3 0.509375 0.50078125 0.02421875 0.0953125
3 0.58203125 0.48046875 0.0234375 0.07890625
3 0.31171875 0.6390625 0.02734375 0.1140625
3 0.82890625 0.18359375 0.01875 0.071875
3 0.33203125 0.15625 0.0203125 0.06484375
3 0.4578125 0.30234375 0.0234375 0.07890625
3 0.85546875 0.653125 0.02890625 0.11640625
3 0.10546875 0.290625 0.021875 0.08671875
1 0.54375 0.409375 0.009375 0.01640625
3 0.41015625 0.41171875 0.021875 0.09296875
3 0.890625 0.24296875 0.02578125 0.0765625
3 0.08515625 0.3859375 0.0234375 0.08203125
3 0.34609375 0.40859375 0.01953125 0.090625