3 0.3796875 0.33828125 0.02109375 0.0765625
3 0.5203125 0.14765625 0.015625 0.05390625
3 0.578125 0.4390625 0.0203125 0.0890625
3 0.2921875 0.503125 0.02578125 0.10546875
3 0.9046875 0.40234375 0.025 0.090625
3 0.9546875 0.27109375 0.025 0.075
3 0.74140625 0.3765625 0.01875 0.08359375
3 0.72421875 0.34375 0.0203125 0.0734375
1 0.3953125 0.365625 0.00859375 0.01640625
3 0.9125 0.725 0.028125 0.121875
3 0.35546875 0.58671875 0.0234375 0.1125
3 0.29609375 0.89453125 0.04375 0.1359375
3 0.621875 0.6625 0.02578125 0.11953125
3 0.6484375 0.21796875 0.01484375 0.06640625
3 0.6203125 0.4828125 0.0234375 0.09609375
3 0.42421875 0.38515625 0.021875 0.07890625
3 0.6609375 0.31015625 0.01796875 0.0734375