3 0.259375 0.5140625 0.02421875 0.1140625
3 0.175 0.4171875 0.02734375 0.11796875
3 0.403125 0.31640625 0.03828125 0.1140625
3 0.284375 0.571875 0.046875 0.1234375
3 0.725 0.48359375 0.04296875 0.11953125
3 0.8125 0.66171875 0.0484375 0.134375
3 0.0171875 0.378125 0.02890625 0.1140625
1 0.64609375 0.528125 0.0140625 0.025
0 0.8484375 0.30703125 0.02578125 0.10546875
3 0.36640625 0.2296875 0.0265625 0.09296875
3 0.659375 0.93203125 0.034375 0.1359375
3 0.575 0.828125 0.04453125 0.16953125
3 0.76015625 0.68203125 0.046875 0.1390625