3 0.50234375 0.2359375 0.01953125 0.07890625
3 0.39765625 0.459375 0.04140625 0.08984375
3 0.30546875 0.35859375 0.0328125 0.0984375
3 0.8546875 0.3984375 0.03046875 0.109375
3 0.109375 0.21015625 0.02421875 0.0796875
3 0.38046875 0.93203125 0.0375 0.13515625
3 0.059375 0.30390625 0.03046875 0.090625
3 0.490625 0.25390625 0.01640625 0.0796875
3 0.6265625 0.07734375 0.0140625 0.0546875
3 0.41484375 0.26640625 0.0234375 0.078125
3 0.45 0.18515625 0.02265625 0.0703125
3 0.6078125 0.1484375 0.02578125 0.0734375
3 0.6484375 0.2359375 0.02578125 0.084375
3 0.16171875 0.89921875 0.0375 0.16328125
3 0.84609375 0.17578125 0.02578125 0.0796875
1 0.83359375 0.43359375 0.0109375 0.01953125
3 0.39453125 0.36328125 0.03125 0.0796875
3 0.22734375 0.1140625 0.0171875 0.03671875
3 0.21015625 0.03359375 0.01953125 0.046875
3 0.61953125 0.92421875 0.053125 0.13828125
3 0.06796875 0.45546875 0.04140625 0.0984375
3 0.671875 0.7265625 0.05078125 0.1390625
3 0.30625 0.596875 0.0375 0.128125
3 0.440625 0.12109375 0.01484375 0.06171875
3 0.06328125 0.22421875 0.02734375 0.075