3 0.3265625 0.19375 0.0140625 0.05703125
3 0.0609375 0.515625 0.02578125 0.10390625
3 0.5234375 0.2671875 0.01796875 0.06796875
3 0.7359375 0.44296875 0.03046875 0.09140625
1 0.559375 0.328125 0.01015625 0.0140625
3 0.575 0.42421875 0.02578125 0.09609375
3 0.81484375 0.428125 0.0265625 0.09296875
3 0.4765625 0.215625 0.02421875 0.05703125
3 0.37578125 0.85859375 0.0328125 0.13359375
3 0.725 0.30078125 0.02734375 0.06796875
3 0.2296875 0.303125 0.02421875 0.071875
3 0.45390625 0.33203125 0.0265625 0.075
3 0.1453125 0.55859375 0.028125 0.1109375
3 0.45078125 0.6609375 0.025 0.11640625
3 0.271875 0.309375 0.02109375 0.071875
3 0.9515625 0.346875 0.02265625 0.084375
3 0.9234375 0.36328125 0.02109375 0.07890625
3 0.9609375 0.5265625 0.0359375 0.1
3 0.721875 0.69375 0.03046875 0.1125
3 0.409375 0.41015625 0.021875 0.0875
3 0.4171875 0.3421875 0.03359375 0.059375
3 0.71875 0.4265625 0.02578125 0.0890625
3 0.653125 0.309375 0.02578125 0.06640625