3 0.05625 0.746875 0.03046875 0.10546875
3 0.09609375 0.940625 0.0296875 0.10859375
3 0.1703125 0.3140625 0.02109375 0.05546875
3 0.80625 0.62578125 0.02421875 0.0984375
3 0.46328125 0.34375 0.015625 0.05703125
3 0.12421875 0.94375 0.03125 0.1015625
3 0.63984375 0.3296875 0.01875 0.065625
3 0.08515625 0.6234375 0.0234375 0.09453125
3 0.459375 0.4078125 0.01796875 0.0734375
3 0.0609375 0.62109375 0.02734375 0.09453125
3 0.6703125 0.403125 0.02109375 0.06953125
3 0.54375 0.490625 0.021875 0.075
3 0.196875 0.43203125 0.02421875 0.06953125
3 0.7 0.43359375 0.021875 0.075
3 0.521875 0.47890625 0.02578125 0.078125
1 0.6390625 0.359375 0.00625 0.009375
3 0.5203125 0.34296875 0.01953125 0.04453125
3 0.3578125 0.5421875 0.02109375 0.0734375
3 0.3921875 0.58984375 0.02109375 0.0765625