3 0.72421875 0.21015625 0.015625 0.04609375
3 0.50625 0.16484375 0.01328125 0.04296875
3 0.95078125 0.4125 0.0203125 0.06953125
3 0.71953125 0.29765625 0.015625 0.059375
3 0.5296875 0.34296875 0.01484375 0.05859375
3 0.4359375 0.253125 0.01640625 0.05703125
3 0.2765625 0.478125 0.02421875 0.0734375
3 0.5234375 0.4875 0.0234375 0.08046875
3 0.2015625 0.35234375 0.02265625 0.059375
3 0.9484375 0.57734375 0.02421875 0.084375
3 0.921875 0.35546875 0.01953125 0.0609375
3 0.85390625 0.690625 0.025 0.084375
1 0.13828125 0.70703125 0.0109375 0.01953125
3 0.55078125 0.571875 0.0203125 0.06640625
3 0.8765625 0.4046875 0.0171875 0.065625
3 0.10625 0.734375 0.03359375 0.090625
3 0.8984375 0.646875 0.02265625 0.078125