3 0.7984375 0.33828125 0.01953125 0.06796875
3 0.965625 0.265625 0.02265625 0.07109375
3 0.7140625 0.515625 0.0203125 0.078125
3 0.73828125 0.40859375 0.0171875 0.078125
3 0.26953125 0.34453125 0.01875 0.08046875
3 0.7234375 0.490625 0.01484375 0.0859375
3 0.0578125 0.484375 0.03203125 0.0875
3 0.61796875 0.34296875 0.0234375 0.075
1 0.3828125 0.6015625 0.01015625 0.01640625
3 0.2453125 0.83203125 0.034375 0.1109375
3 0.571875 0.24375 0.01640625 0.0625
3 0.2046875 0.565625 0.02890625 0.08203125
3 0.39296875 0.5421875 0.021875 0.090625
3 0.4171875 0.5359375 0.02734375 0.071875
3 0.69140625 0.584375 0.03125 0.090625
3 0.91875 0.88984375 0.03359375 0.140625
3 0.440625 0.140625 0.0125 0.053125