3 0.5125 0.5140625 0.02578125 0.096875
3 0.6859375 0.396875 0.01953125 0.084375
3 0.3203125 0.3296875 0.03359375 0.07109375
3 0.1015625 0.49296875 0.0328125 0.09453125
3 0.5234375 0.25546875 0.02890625 0.05859375
3 0.46796875 0.22578125 0.025 0.0625
3 0.4078125 0.80546875 0.05 0.128125
3 0.5171875 0.3765625 0.02890625 0.08046875
3 0.43515625 0.0796875 0.0140625 0.04296875
3 0.9578125 0.21015625 0.03671875 0.10390625
3 0.82421875 0.465625 0.0375 0.09140625
3 0.65859375 0.565625 0.0359375 0.10546875
3 0.7921875 0.91015625 0.04765625 0.15390625
3 0.7359375 0.30703125 0.03515625 0.06640625
3 0.30390625 0.64375 0.028125 0.10703125
3 0.5609375 0.45703125 0.02734375 0.0859375
3 0.7234375 0.68515625 0.04609375 0.09609375