3 0.671875 0.509375 0.01953125 0.1
3 0.41171875 0.34140625 0.02421875 0.08828125
3 0.325 0.25078125 0.021875 0.08046875
3 0.34375 0.42734375 0.02890625 0.08984375
3 0.5171875 0.53203125 0.02734375 0.09296875
3 0.7890625 0.2578125 0.021875 0.07578125
3 0.540625 0.50703125 0.02578125 0.09921875
3 0.60859375 0.415625 0.025 0.1015625
3 0.42265625 0.61171875 0.03125 0.0921875
3 0.653125 0.48359375 0.02265625 0.08671875
3 0.18515625 0.2484375 0.02421875 0.08203125
1 0.50859375 0.48203125 0.00859375 0.0171875
3 0.1640625 0.35546875 0.02578125 0.0859375
3 0.115625 0.41015625 0.03046875 0.08828125
3 0.44609375 0.325 0.01875 0.0890625
3 0.5921875 0.63046875 0.0265625 0.08828125