3 0.51328125 0.321875 0.02734375 0.06640625
1 0.48515625 0.33203125 0.009375 0.01796875
3 0.43984375 0.434375 0.0265625 0.090625
3 0.465625 0.3484375 0.02265625 0.07890625
3 0.6390625 0.35625 0.02421875 0.08046875
3 0.784375 0.3796875 0.01953125 0.0890625
3 0.7890625 0.6296875 0.03515625 0.10390625
3 0.37421875 0.53671875 0.03203125 0.0984375
3 0.86171875 0.496875 0.02265625 0.09609375
3 0.01171875 0.6359375 0.0234375 0.115625
3 0.27734375 0.46953125 0.02421875 0.0890625
3 0.621875 0.3484375 0.01875 0.0890625
3 0.43828125 0.35546875 0.02265625 0.078125
3 0.67578125 0.28828125 0.02421875 0.08203125
3 0.19453125 0.4140625 0.03203125 0.08515625
3 0.0109375 0.54609375 0.021875 0.1015625
3 0.1234375 0.30078125 0.02265625 0.0734375
3 0.5234375 0.47578125 0.02890625 0.1
3 0.57578125 0.3828125 0.028125 0.08203125