3 0.571875 0.29296875 0.01953125 0.0609375
3 0.5109375 0.609375 0.021875 0.084375
3 0.5984375 0.33828125 0.0171875 0.059375
1 0.346875 0.39609375 0.009375 0.0140625
3 0.5421875 0.465625 0.02109375 0.078125
3 0.353125 0.2625 0.015625 0.053125
3 0.334375 0.37109375 0.02265625 0.05859375
3 0.8953125 0.4078125 0.02109375 0.0765625
3 0.38671875 0.68671875 0.0296875 0.09296875
3 0.61875 0.446875 0.01640625 0.07890625
3 0.67265625 0.4484375 0.0234375 0.075
3 0.74140625 0.48359375 0.01875 0.08046875
3 0.1234375 0.74609375 0.02578125 0.103125
3 0.55859375 0.86875 0.0265625 0.10703125
3 0.9046875 0.63671875 0.021875 0.090625
3 0.1734375 0.490625 0.01953125 0.084375
3 0.85703125 0.4796875 0.025 0.07890625
3 0.9109375 0.8296875 0.02890625 0.1125
3 0.840625 0.603125 0.02265625 0.09453125
3 0.965625 0.640625 0.02734375 0.09609375