1 0.18515625 0.66171875 0.01171875 0.0234375
3 0.69921875 0.384375 0.02109375 0.08203125
3 0.62578125 0.1140625 0.0140625 0.0453125
3 0.4640625 0.2953125 0.01953125 0.02421875
3 0.928125 0.28125 0.0203125 0.08125
3 0.3 0.49453125 0.0296875 0.10078125
3 0.64453125 0.55625 0.03671875 0.11015625
3 0.41953125 0.421875 0.03046875 0.1046875
3 0.6421875 0.21875 0.0171875 0.06953125
3 0.1640625 0.584375 0.0390625 0.103125
3 0.52109375 0.91796875 0.03515625 0.1484375
3 0.4578125 0.340625 0.0171875 0.07890625
3 0.7 0.51640625 0.02421875 0.0953125
3 0.83203125 0.3515625 0.02265625 0.09140625
3 0.7296875 0.1875 0.01640625 0.06171875
3 0.7234375 0.61796875 0.034375 0.11328125