3 0.04921875 0.34609375 0.015625 0.07734375
3 0.77109375 0.55 0.02109375 0.0859375
3 0.48203125 0.22734375 0.0171875 0.059375
1 0.45703125 0.41875 0.00703125 0.01171875
3 0.75234375 0.596875 0.01796875 0.0859375
3 0.515625 0.45 0.01640625 0.07265625
3 0.4453125 0.57421875 0.01953125 0.08828125
3 0.93359375 0.29921875 0.0171875 0.0625
3 0.9453125 0.4609375 0.01953125 0.078125
3 0.175 0.59296875 0.02109375 0.0984375
3 0.48671875 0.18125 0.01171875 0.04609375
3 0.571875 0.4296875 0.01640625 0.06796875
3 0.625 0.2875 0.015625 0.06015625
3 0.3375 0.35625 0.01796875 0.0640625
3 0.83984375 0.45 0.02265625 0.08046875