3 0.5109375 0.4484375 0.02421875 0.0890625
3 0.2421875 0.50859375 0.0328125 0.1
3 0.35 0.6921875 0.03671875 0.12109375
3 0.55 0.66171875 0.03203125 0.1234375
3 0.4796875 0.9484375 0.04140625 0.096875
3 0.290625 0.21796875 0.02265625 0.06953125
3 0.64609375 0.2828125 0.028125 0.08203125
3 0.846875 0.515625 0.03203125 0.10546875
3 0.14375 0.3265625 0.0234375 0.08359375
3 0.44375 0.15234375 0.01875 0.06796875
1 0.49375 0.43671875 0.01015625 0.01796875
3 0.0609375 0.4859375 0.03984375 0.103125
3 0.375 0.490625 0.03515625 0.10390625
3 0.4296875 0.3515625 0.02734375 0.08046875