3 0.284375 0.8296875 0.03515625 0.13203125
3 0.875 0.246875 0.025 0.071875
3 0.5734375 0.46484375 0.02109375 0.09609375
3 0.3546875 0.31328125 0.01953125 0.0765625
3 0.60703125 0.51640625 0.0265625 0.09453125
3 0.534375 0.12734375 0.0140625 0.05703125
3 0.659375 0.28984375 0.01640625 0.0765625
3 0.7515625 0.35390625 0.02265625 0.11953125
3 0.465625 0.4046875 0.01796875 0.0875
3 0.68359375 0.590625 0.025 0.10703125
3 0.41875 0.584375 0.02578125 0.10703125
3 0.89453125 0.740625 0.0265625 0.11953125
3 0.33515625 0.46875 0.034375 0.09296875
3 0.6546875 0.20703125 0.01640625 0.0640625
1 0.3515625 0.5046875 0.0078125 0.0125
3 0.9359375 0.38515625 0.01953125 0.0875