3 0.203125 0.43359375 0.0296875 0.11796875
3 0.8953125 0.44375 0.0359375 0.13671875
3 0.94375 0.2296875 0.02109375 0.09296875
3 0.38515625 0.521875 0.02734375 0.1265625
3 0.378125 0.35625 0.0265625 0.1109375
3 0.7484375 0.34921875 0.02578125 0.10390625
3 0.5625 0.18046875 0.01953125 0.0796875
3 0.09453125 0.62421875 0.03515625 0.140625
1 0.93125 0.26640625 0.009375 0.01796875
3 0.8796875 0.53125 0.03125 0.13984375
3 0.29375 0.35703125 0.0265625 0.1140625
3 0.7265625 0.1171875 0.015625 0.075
3 0.703125 0.31953125 0.028125 0.096875
3 0.7890625 0.25546875 0.028125 0.08125
3 0.46875 0.3859375 0.02578125 0.109375
3 0.71875 0.63828125 0.040625 0.14453125
3 0.54453125 0.43828125 0.02734375 0.1140625
3 0.6296875 0.1 0.02265625 0.06875
3 0.33515625 0.29375 0.02109375 0.1015625