3 0.3140625 0.2625 0.0234375 0.09140625
3 0.575 0.0890625 0.02109375 0.071875
3 0.63125 0.63984375 0.02421875 0.12890625
3 0.640625 0.509375 0.028125 0.11953125
3 0.0296875 0.396875 0.03125 0.1140625
3 0.71484375 0.55703125 0.0390625 0.128125
3 0.2765625 0.59140625 0.03203125 0.13046875
3 0.4296875 0.4109375 0.028125 0.1109375
3 0.95546875 0.31484375 0.0265625 0.09609375
3 0.61484375 0.36953125 0.025 0.10859375
3 0.59765625 0.3015625 0.0234375 0.103125
3 0.77421875 0.37578125 0.03125 0.1015625
3 0.7171875 0.1765625 0.02265625 0.0859375
1 0.28515625 0.665625 0.0125 0.0234375