3 0.63359375 0.31015625 0.028125 0.0734375
3 0.8578125 0.11875 0.01953125 0.0515625
3 0.5640625 0.3 0.02578125 0.06953125
3 0.89375 0.3203125 0.03515625 0.07109375
3 0.6328125 0.48046875 0.0453125 0.09140625
3 0.91015625 0.621875 0.040625 0.115625
3 0.45546875 0.7640625 0.034375 0.1140625
3 0.6484375 0.20546875 0.01953125 0.05859375
3 0.109375 0.24453125 0.02421875 0.071875
1 0.41484375 0.7609375 0.0109375 0.01953125
3 0.95 0.484375 0.04375 0.096875
3 0.53515625 0.5015625 0.0375 0.09140625
3 0.80625 0.253125 0.02734375 0.06796875
3 0.48125 0.41171875 0.03828125 0.084375
3 0.68125 0.453125 0.03671875 0.09453125
3 0.821875 0.509375 0.040625 0.09609375
3 0.3484375 0.5359375 0.03359375 0.0890625
3 0.71796875 0.07109375 0.015625 0.046875