3 0.6390625 0.65703125 0.02734375 0.1140625
3 0.90625 0.725 0.02734375 0.121875
3 0.309375 0.4953125 0.02421875 0.10390625
3 0.93984375 0.2625 0.025 0.071875
3 0.4265625 0.40703125 0.02578125 0.0859375
3 0.6171875 0.49296875 0.02109375 0.096875
3 0.5203125 0.140625 0.01640625 0.05390625
3 0.75 0.37734375 0.0171875 0.090625
1 0.3859375 0.38359375 0.00859375 0.0140625
3 0.3671875 0.5921875 0.02734375 0.1125
3 0.65390625 0.2140625 0.015625 0.06640625
3 0.7375 0.34453125 0.01875 0.08046875
3 0.9109375 0.39765625 0.01953125 0.090625
3 0.6625 0.30390625 0.01796875 0.071875
3 0.3625 0.340625 0.03046875 0.075
3 0.25390625 0.8828125 0.0546875 0.1265625
3 0.5828125 0.44375 0.0234375 0.090625