3 0.7515625 0.22109375 0.02109375 0.075
3 0.32578125 0.26015625 0.025 0.0734375
3 0.5234375 0.35703125 0.0265625 0.078125
3 0.49609375 0.78046875 0.046875 0.11640625
3 0.24609375 0.4515625 0.02421875 0.096875
3 0.503125 0.64609375 0.02421875 0.1203125
3 0.5984375 0.5125 0.03203125 0.0953125
3 0.83203125 0.63828125 0.02890625 0.1109375
3 0.52890625 0.66171875 0.0296875 0.10390625
3 0.29375 0.54296875 0.04140625 0.09296875
3 0.2453125 0.715625 0.0421875 0.103125
3 0.39609375 0.2640625 0.0203125 0.07890625
3 0.80625 0.5640625 0.028125 0.1046875
3 0.74921875 0.52734375 0.0328125 0.1
3 0.6203125 0.6515625 0.0296875 0.0984375
3 0.02578125 0.44453125 0.0265625 0.09296875
3 0.0609375 0.5328125 0.04453125 0.10546875
3 0.56875 0.8796875 0.02890625 0.12890625