3 0.6078125 0.33515625 0.01796875 0.06640625
3 0.296875 0.30546875 0.01796875 0.0640625
3 0.99140625 0.228125 0.01171875 0.05546875
3 0.2171875 0.50546875 0.025 0.07421875
3 0.43671875 0.834375 0.02578125 0.103125
1 0.125 0.58515625 0.01015625 0.01875
3 0.7171875 0.15546875 0.01328125 0.04921875
3 0.8109375 0.3890625 0.021875 0.06875
3 0.11796875 0.5484375 0.02109375 0.07890625
3 0.56484375 0.33671875 0.01640625 0.06875
3 0.390625 0.36328125 0.01484375 0.05859375
3 0.6296875 0.56328125 0.02109375 0.084375
3 0.48203125 0.4734375 0.01953125 0.06796875
3 0.1015625 0.253125 0.01484375 0.059375
3 0.85390625 0.259375 0.01640625 0.05859375