3 0.31875 0.446875 0.01484375 0.06015625
3 0.771875 0.465625 0.028125 0.06171875
3 0.646875 0.3640625 0.01796875 0.05390625
3 0.3515625 0.265625 0.0140625 0.04375
1 0.7609375 0.48671875 0.00703125 0.01484375
3 0.65078125 0.434375 0.01953125 0.0625
3 0.66875 0.475 0.021875 0.05078125
3 0.37890625 0.55859375 0.025 0.06875
3 0.14453125 0.33671875 0.0125 0.0515625
3 0.615625 0.3859375 0.0203125 0.05703125
3 0.57578125 0.29296875 0.0171875 0.0453125
3 0.2328125 0.6703125 0.0296875 0.0796875
3 0.01328125 0.24921875 0.01796875 0.046875
3 0.08125 0.47578125 0.01796875 0.06171875
3 0.0171875 0.56328125 0.028125 0.0734375
3 0.3546875 0.6265625 0.025 0.075
3 0.36328125 0.3890625 0.01796875 0.05390625
3 0.678125 0.51484375 0.0234375 0.0671875
3 0.05546875 0.34296875 0.015625 0.0515625
3 0.8484375 0.66953125 0.0328125 0.09921875
3 0.94921875 0.3515625 0.01484375 0.05078125
3 0.440625 0.38203125 0.01875 0.05078125