3 0.64609375 0.37578125 0.04609375 0.13203125
1 0.4953125 0.23125 0.009375 0.01796875
3 0.215625 0.37421875 0.03359375 0.1203125
3 0.05078125 0.215625 0.03046875 0.1140625
3 0.86640625 0.75703125 0.05390625 0.1484375
3 0.2484375 0.53203125 0.04296875 0.14921875
3 0.59140625 0.3890625 0.040625 0.128125
3 0.40546875 0.22109375 0.04140625 0.08828125
3 0.50546875 0.1921875 0.03359375 0.0953125
3 0.15234375 0.81875 0.03984375 0.1734375
3 0.30859375 0.55234375 0.0375 0.14375
3 0.1890625 0.33203125 0.03515625 0.1296875