3 0.26640625 0.13671875 0.01484375 0.06328125
3 0.4046875 0.69375 0.04453125 0.13984375
3 0.78515625 0.69921875 0.04140625 0.13359375
3 0.3859375 0.30546875 0.01796875 0.08359375
3 0.625 0.47578125 0.0234375 0.1
3 0.28359375 0.40625 0.025 0.0953125
3 0.5671875 0.19296875 0.01796875 0.07421875
3 0.15078125 0.31875 0.021875 0.09140625
3 0.32734375 0.265625 0.01640625 0.07578125
3 0.2125 0.165625 0.01796875 0.06953125
3 0.4703125 0.31953125 0.0203125 0.08203125
3 0.4453125 0.19140625 0.0203125 0.0703125
3 0.33828125 0.5578125 0.03515625 0.10078125
3 0.34765625 0.9796875 0.028125 0.0390625
3 0.62265625 0.9296875 0.0484375 0.140625
3 0.74453125 0.19921875 0.01640625 0.07578125
3 0.88671875 0.35234375 0.02265625 0.09921875
3 0.303125 0.45546875 0.03203125 0.09921875
3 0.32578125 0.684375 0.04921875 0.1203125
3 0.55 0.11328125 0.0125 0.05859375
1 0.415625 0.721875 0.01171875 0.021875
3 0.61796875 0.25859375 0.02109375 0.08203125
3 0.13984375 0.265625 0.01953125 0.0640625
3 0.04765625 0.36875 0.02734375 0.103125
3 0.13515625 0.9328125 0.0390625 0.13203125