3 0.6484375 0.1640625 0.01796875 0.075
3 0.5640625 0.34921875 0.0234375 0.08203125
3 0.57734375 0.8046875 0.0421875 0.09609375
3 0.4859375 0.6328125 0.02578125 0.09296875
3 0.79296875 0.60234375 0.0265625 0.09609375
3 0.3515625 0.1828125 0.01796875 0.06796875
3 0.046875 0.2421875 0.02265625 0.06796875
3 0.3453125 0.346875 0.02265625 0.07890625
3 0.22578125 0.36796875 0.0265625 0.08359375
3 0.3734375 0.184375 0.01875 0.071875
3 0.19140625 0.190625 0.01875 0.06796875
3 0.77578125 0.61328125 0.025 0.0984375
3 0.5203125 0.58828125 0.02890625 0.084375
3 0.3421875 0.52734375 0.02890625 0.090625
3 0.434375 0.246875 0.01875 0.0765625
3 0.37578125 0.2609375 0.01875 0.075
3 0.0546875 0.390625 0.02734375 0.090625
3 0.9546875 0.68515625 0.02890625 0.0984375
1 0.559375 0.8375 0.01171875 0.01953125
3 0.6234375 0.71875 0.03984375 0.090625