3 0.525 0.271875 0.0125 0.0640625
3 0.2015625 0.71953125 0.03125 0.1
3 0.68671875 0.50078125 0.0328125 0.084375
3 0.53828125 0.3046875 0.025 0.065625
3 0.1828125 0.1921875 0.01953125 0.059375
3 0.403125 0.4078125 0.02578125 0.065625
3 0.64765625 0.278125 0.015625 0.0640625
1 0.409375 0.7234375 0.01328125 0.021875
3 0.634375 0.44375 0.01640625 0.0765625
3 0.4953125 0.77265625 0.03125 0.084375
3 0.43671875 0.73515625 0.03125 0.09609375
3 0.3375 0.44140625 0.02890625 0.05859375
3 0.8359375 0.428125 0.0234375 0.07890625
3 0.496875 0.62265625 0.03828125 0.084375
3 0.7046875 0.034375 0.01328125 0.040625
3 0.68046875 0.41171875 0.0234375 0.0765625
3 0.93359375 0.52421875 0.034375 0.090625
3 0.42578125 0.35 0.021875 0.06953125
3 0.6359375 0.19609375 0.0171875 0.05859375