3 0.3140625 0.9515625 0.034375 0.096875
3 0.8109375 0.459375 0.0265625 0.075
3 0.634375 0.47734375 0.02265625 0.07109375
3 0.26640625 0.41953125 0.028125 0.078125
3 0.784375 0.440625 0.02578125 0.075
1 0.35234375 0.53828125 0.009375 0.015625
3 0.7359375 0.75234375 0.03046875 0.1125
3 0.75390625 0.5734375 0.0328125 0.09453125
3 0.9640625 0.45234375 0.02578125 0.0765625
3 0.5078125 0.659375 0.0265625 0.1
3 0.5671875 0.46484375 0.02265625 0.07890625
3 0.803125 0.35234375 0.02578125 0.065625
3 0.2375 0.55 0.02265625 0.096875
3 0.6109375 0.3546875 0.01953125 0.06796875
3 0.92578125 0.934375 0.059375 0.13046875
3 0.6453125 0.3875 0.02421875 0.071875
3 0.53125 0.24140625 0.01796875 0.05546875