3 0.4078125 0.76171875 0.03515625 0.0984375
1 0.415625 0.44140625 0.00703125 0.0109375
3 0.4578125 0.3875 0.01953125 0.071875
3 0.54921875 0.3171875 0.0203125 0.059375
3 0.73359375 0.546875 0.025 0.09140625
3 0.37109375 0.359375 0.028125 0.065625
3 0.18828125 0.41953125 0.0234375 0.071875
3 0.16953125 0.3359375 0.021875 0.06640625
3 0.3515625 0.44765625 0.02109375 0.0765625
3 0.78671875 0.65703125 0.0296875 0.1
3 0.4 0.53125 0.03203125 0.084375
3 0.446875 0.2796875 0.0265625 0.05390625
3 0.625 0.58203125 0.02734375 0.09453125
3 0.1109375 0.60234375 0.02734375 0.084375
3 0.58125 0.4015625 0.02421875 0.06953125
3 0.41484375 0.409375 0.0265625 0.0765625
3 0.7453125 0.92734375 0.0484375 0.10390625
3 0.42734375 0.35625 0.0203125 0.059375