3 0.4125 0.5125 0.02890625 0.0859375
3 0.43125 0.0390625 0.0140625 0.053125
3 0.09609375 0.384375 0.028125 0.08359375
3 0.5875 0.315625 0.01953125 0.075
3 0.771875 0.2671875 0.02421875 0.0734375
3 0.19375 0.22265625 0.01640625 0.06796875
3 0.79765625 0.340625 0.025 0.06796875
3 0.38828125 0.18359375 0.015625 0.0609375
3 0.32734375 0.5203125 0.0375 0.0734375
3 0.2625 0.253125 0.0203125 0.071875
3 0.5671875 0.6578125 0.02421875 0.090625
3 0.5421875 0.1609375 0.0171875 0.05859375
3 0.68828125 0.11640625 0.015625 0.0640625
1 0.478125 0.790625 0.01171875 0.01953125
3 0.584375 0.05546875 0.01484375 0.053125
3 0.7484375 0.28125 0.02265625 0.0734375
3 0.2609375 0.484375 0.02578125 0.084375
3 0.61484375 0.24296875 0.015625 0.06640625
3 0.540625 0.8796875 0.03984375 0.1125
3 0.55859375 0.2234375 0.015625 0.06640625
3 0.1421875 0.70078125 0.03125 0.09296875
3 0.8828125 0.6390625 0.03515625 0.09453125