3 0.2828125 0.334375 0.01640625 0.075
3 0.30703125 0.39453125 0.01875 0.0859375
3 0.496875 0.45390625 0.03046875 0.09140625
3 0.603125 0.42421875 0.02265625 0.084375
3 0.8453125 0.390625 0.02578125 0.07890625
3 0.33046875 0.49140625 0.0375 0.0890625
3 0.0078125 0.33203125 0.015625 0.0828125
3 0.01328125 0.53125 0.0234375 0.09609375
3 0.42578125 0.546875 0.034375 0.10703125
3 0.4859375 0.2265625 0.015625 0.0609375
3 0.51796875 0.5171875 0.021875 0.10390625
3 0.075 0.203125 0.0125 0.05546875
3 0.284375 0.7140625 0.0328125 0.1140625
1 0.8375 0.42109375 0.009375 0.0140625
3 0.34921875 0.31484375 0.021875 0.0625
3 0.0671875 0.4234375 0.03125 0.08359375
3 0.40625 0.6375 0.0234375 0.10546875
3 0.428125 0.31171875 0.01640625 0.0734375
3 0.88515625 0.94140625 0.025 0.11640625
3 0.3703125 0.7875 0.03359375 0.11953125