3 0.4578125 0.34609375 0.02734375 0.1109375
3 0.4078125 0.334375 0.0296875 0.0890625
3 0.353125 0.27421875 0.02734375 0.0953125
3 0.2609375 0.509375 0.04140625 0.12421875
3 0.159375 0.615625 0.05234375 0.134375
3 0.7140625 0.25703125 0.02421875 0.0953125
3 0.69765625 0.67421875 0.05546875 0.14453125
3 0.18828125 0.3765625 0.0328125 0.10546875
3 0.30234375 0.25546875 0.01640625 0.0984375
3 0.29140625 0.25703125 0.01875 0.10078125
3 0.15234375 0.28046875 0.028125 0.1
3 0.23046875 0.296875 0.03515625 0.0953125
3 0.6 0.52734375 0.0296875 0.11796875
1 0.21875 0.659375 0.0171875 0.02421875