3 0.7375 0.24453125 0.01953125 0.09140625
3 0.77890625 0.628125 0.0328125 0.11953125
3 0.7453125 0.47734375 0.02734375 0.115625
3 0.9453125 0.334375 0.02265625 0.1015625
3 0.5015625 0.7734375 0.04453125 0.1390625
3 0.9703125 0.4734375 0.02578125 0.11640625
3 0.4453125 0.3171875 0.021875 0.090625
3 0.5265625 0.32578125 0.021875 0.09296875
3 0.80234375 0.2171875 0.0203125 0.084375
3 0.26875 0.584375 0.03125 0.1234375
2 0.7171875 0.14609375 0.02109375 0.06953125
2 0.79609375 0.50859375 0.0328125 0.1140625
3 0.8359375 0.571875 0.02734375 0.11796875
1 0.3234375 0.5234375 0.01796875 0.028125
3 0.45546875 0.3875 0.0265625 0.096875