3 0.13125 0.52890625 0.01328125 0.084375
3 0.43984375 0.56640625 0.02265625 0.08828125
3 0.265625 0.4421875 0.01953125 0.08203125
3 0.6203125 0.61015625 0.02265625 0.08671875
3 0.32265625 0.4515625 0.01953125 0.0703125
3 0.92734375 0.6890625 0.021875 0.090625
3 0.1390625 0.4625 0.01953125 0.08984375
3 0.1578125 0.478125 0.01640625 0.078125
3 0.14765625 0.51875 0.01796875 0.084375
3 0.915625 0.66796875 0.015625 0.06796875
3 0.084375 0.49921875 0.021875 0.08515625
3 0.19453125 0.4671875 0.01328125 0.06953125
3 0.2046875 0.47265625 0.01484375 0.08046875
3 0.21640625 0.4609375 0.021875 0.07890625
3 0.1203125 0.46953125 0.01875 0.07890625
3 0.3703125 0.42578125 0.01953125 0.07109375