3 0.61875 0.95546875 0.034375 0.0859375
3 0.834375 0.434375 0.0234375 0.0765625
3 0.740625 0.20859375 0.01484375 0.0609375
3 0.49453125 0.13515625 0.0125 0.04609375
3 0.5640625 0.503125 0.01953125 0.075
3 0.33359375 0.43828125 0.0203125 0.0734375
3 0.16796875 0.66796875 0.025 0.0890625
3 0.88515625 0.71328125 0.028125 0.09609375
3 0.6421875 0.409375 0.01640625 0.07890625
3 0.803125 0.34609375 0.01640625 0.06953125
3 0.6515625 0.165625 0.01328125 0.05
3 0.79140625 0.35546875 0.015625 0.06953125
3 0.27890625 0.275 0.0171875 0.0640625
3 0.2421875 0.490625 0.028125 0.078125
3 0.6671875 0.29609375 0.0171875 0.05859375
3 0.47578125 0.2234375 0.015625 0.053125
3 0.56328125 0.6375 0.0234375 0.08046875
3 0.5765625 0.2671875 0.015625 0.05390625
3 0.28671875 0.1046875 0.0109375 0.040625
3 0.59296875 0.30859375 0.0140625 0.0640625
3 0.40625 0.55078125 0.01953125 0.0765625
3 0.2140625 0.33515625 0.02109375 0.06796875
1 0.265625 0.5296875 0.01015625 0.015625