3 0.2984375 0.4828125 0.03359375 0.09765625
3 0.2328125 0.74453125 0.0375 0.11640625
3 0.478125 0.30703125 0.0265625 0.078125
3 0.50703125 0.50859375 0.03203125 0.10390625
1 0.4859375 0.38671875 0.0078125 0.015625
3 0.965625 0.56484375 0.0359375 0.109375
3 0.49765625 0.303125 0.01953125 0.028125
3 0.2859375 0.26328125 0.028125 0.06796875
3 0.89140625 0.384375 0.03046875 0.08359375
3 0.91484375 0.49609375 0.02734375 0.0984375
3 0.315625 0.39609375 0.0265625 0.08046875
3 0.1546875 0.7203125 0.0484375 0.115625
3 0.60625 0.35390625 0.02734375 0.08203125
3 0.50625 0.35625 0.02421875 0.0796875
3 0.16171875 0.509375 0.03515625 0.109375
3 0.603125 0.5015625 0.0328125 0.08671875