3 0.534375 0.4296875 0.02421875 0.11875
1 0.63515625 0.621875 0.0140625 0.0234375
3 0.62109375 0.921875 0.03671875 0.13671875
3 0.4453125 0.23203125 0.04140625 0.1046875
3 0.58671875 0.4296875 0.01484375 0.11328125
3 0.3796875 0.434375 0.02265625 0.11015625
3 0.3046875 0.409375 0.01875 0.115625
3 0.85234375 0.4359375 0.02734375 0.12421875
3 0.5703125 0.42734375 0.02109375 0.11015625
3 0.5921875 0.68828125 0.0359375 0.134375
3 0.325 0.434375 0.0125 0.11953125
3 0.63515625 0.43046875 0.02109375 0.13046875
3 0.6 0.42734375 0.01484375 0.1140625
3 0.346875 0.42890625 0.02734375 0.11796875
3 0.61484375 0.4265625 0.01953125 0.121875
3 0.36015625 0.5515625 0.02734375 0.11953125
3 0.4421875 0.42578125 0.02890625 0.115625
3 0.54765625 0.6234375 0.03359375 0.12578125
3 0.81015625 0.4234375 0.025 0.11796875
3 0.31484375 0.434375 0.0171875 0.11796875
3 0.55078125 0.43203125 0.01953125 0.11171875
3 0.49453125 0.42578125 0.02265625 0.11484375
3 0.76640625 0.58671875 0.028125 0.1203125