3 0.2765625 0.340625 0.02265625 0.0515625
3 0.3609375 0.39609375 0.015625 0.0640625
3 0.11875 0.57421875 0.021875 0.065625
3 0.875 0.66171875 0.03671875 0.09609375
3 0.075 0.5921875 0.01953125 0.08203125
3 0.86015625 0.42421875 0.01875 0.0734375
3 0.5453125 0.61796875 0.02890625 0.0859375
3 0.253125 0.46171875 0.02265625 0.07109375
3 0.33046875 0.57109375 0.0234375 0.0890625
3 0.0203125 0.39296875 0.01953125 0.06953125
3 0.2734375 0.38203125 0.0171875 0.0609375
1 0.8359375 0.45546875 0.00859375 0.0140625
3 0.33125 0.296875 0.01796875 0.05859375
3 0.55390625 0.365625 0.0203125 0.06640625