3 0.0328125 0.72109375 0.040625 0.13515625
3 0.48515625 0.39140625 0.025 0.08984375
3 0.89296875 0.965625 0.04296875 0.06796875
3 0.3640625 0.603125 0.0359375 0.1234375
3 0.225 0.2640625 0.021875 0.0796875
3 0.6359375 0.1453125 0.0171875 0.059375
3 0.97265625 0.7671875 0.04296875 0.14375
3 0.4109375 0.9421875 0.03828125 0.11015625
3 0.340625 0.45625 0.02890625 0.07421875
3 0.9875 0.28203125 0.02421875 0.0859375
3 0.340625 0.50546875 0.02890625 0.10546875
1 0.35859375 0.52578125 0.009375 0.01875
3 0.58046875 0.41171875 0.025 0.08984375
3 0.57578125 0.378125 0.02265625 0.0796875
3 0.92421875 0.24140625 0.02421875 0.0796875
3 0.34296875 0.728125 0.03828125 0.12421875
3 0.21171875 0.6234375 0.03203125 0.13125
3 0.475 0.578125 0.03125 0.11875
3 0.753125 0.21171875 0.01796875 0.07421875