3 0.028125 0.77265625 0.053125 0.134375
3 0.4375 0.26484375 0.02421875 0.0734375
3 0.275 0.50546875 0.04921875 0.103125
3 0.3640625 0.3 0.01640625 0.03359375
3 0.63515625 0.3546875 0.0359375 0.08203125
3 0.028125 0.35625 0.03984375 0.07890625
3 0.5703125 0.3734375 0.02734375 0.08046875
1 0.4671875 0.3953125 0.01015625 0.015625
3 0.396875 0.34609375 0.02734375 0.075
3 0.4265625 0.53203125 0.03984375 0.10546875
3 0.3640625 0.4828125 0.0328125 0.1015625
3 0.075 0.94921875 0.0390625 0.0984375
3 0.54765625 0.41796875 0.0359375 0.08046875
3 0.1828125 0.346875 0.03046875 0.0859375
3 0.47734375 0.765625 0.0328125 0.125
3 0.36953125 0.34765625 0.0265625 0.0734375
3 0.6109375 0.54921875 0.04609375 0.10390625