3 0.54375 0.759375 0.04609375 0.21171875
3 0.5265625 0.42578125 0.0328125 0.13828125
3 0.84765625 0.49140625 0.04453125 0.17265625
3 0.43828125 0.70078125 0.04453125 0.1890625
3 0.9765625 0.77421875 0.03828125 0.22734375
3 0.77578125 0.60703125 0.03828125 0.1828125
3 0.3828125 0.49609375 0.04609375 0.17265625
3 0.8734375 0.87578125 0.05703125 0.22734375
3 0.815625 0.8765625 0.0453125 0.228125
3 0.971875 0.59375 0.04609375 0.17265625
3 0.04296875 0.965625 0.03828125 0.06875
3 0.58046875 0.6625 0.04296875 0.19453125
3 0.4546875 0.4296875 0.0265625 0.14921875
3 0.51328125 0.50078125 0.03125 0.17265625
3 0.5359375 0.43671875 0.02578125 0.15234375