3 0.671875 0.303125 0.015625 0.06640625
3 0.11875 0.6 0.02265625 0.09453125
1 0.696875 0.734375 0.01171875 0.01796875
3 0.34140625 0.2203125 0.01875 0.05703125
3 0.196875 0.534375 0.02265625 0.0859375
3 0.54375 0.1625 0.01171875 0.05546875
3 0.47265625 0.38671875 0.01875 0.07109375
3 0.2890625 0.48203125 0.02734375 0.08359375
3 0.4234375 0.7046875 0.0296875 0.09296875
3 0.61875 0.74453125 0.03984375 0.08359375
3 0.1578125 0.69453125 0.025 0.09140625
3 0.290625 0.325 0.02265625 0.06640625
3 0.896875 0.3421875 0.02734375 0.07109375
3 0.25 0.71875 0.02734375 0.115625
3 0.34453125 0.603125 0.0265625 0.08359375
3 0.39453125 0.7828125 0.0359375 0.10703125
3 0.2578125 0.30078125 0.0203125 0.06796875
3 0.1453125 0.40859375 0.02109375 0.08046875
3 0.3078125 0.45 0.01953125 0.075
3 0.1046875 0.44140625 0.0265625 0.075
3 0.815625 0.68359375 0.0296875 0.09453125
3 0.459375 0.29453125 0.02421875 0.05546875