3 0.68203125 0.45859375 0.05625 0.13671875
3 0.19375 0.6515625 0.04921875 0.18046875
3 0.3359375 0.66328125 0.05234375 0.16875
3 0.04140625 0.934375 0.04375 0.125
3 0.21796875 0.45625 0.0421875 0.16640625
3 0.428125 0.44140625 0.0359375 0.14375
3 0.5234375 0.4359375 0.04375 0.1515625
3 0.28515625 0.2484375 0.04609375 0.14453125
3 0.24921875 0.21171875 0.05546875 0.11328125
3 0.5078125 0.88203125 0.0421875 0.1640625
3 0.46953125 0.421875 0.03671875 0.15859375
3 0.05703125 0.34375 0.040625 0.16171875
3 0.48515625 0.6984375 0.04765625 0.16796875
1 0.59296875 0.3578125 0.02421875 0.0359375