3 0.58125 0.35234375 0.01640625 0.071875
3 0.5859375 0.50703125 0.0359375 0.090625
1 0.27890625 0.4625 0.0078125 0.015625
3 0.784375 0.89296875 0.0390625 0.11953125
3 0.18203125 0.3203125 0.021875 0.06796875
3 0.3234375 0.5609375 0.021875 0.08984375
3 0.9328125 0.36015625 0.0203125 0.07109375
3 0.453125 0.253125 0.0203125 0.0609375
3 0.33515625 0.10078125 0.0171875 0.0515625
3 0.91015625 0.2328125 0.01484375 0.0484375
3 0.6390625 0.540625 0.0171875 0.09140625
3 0.7796875 0.49765625 0.0203125 0.0828125
3 0.35 0.33671875 0.02265625 0.071875
3 0.26328125 0.25703125 0.01796875 0.06171875
3 0.93515625 0.5375 0.02265625 0.090625
3 0.92734375 0.2546875 0.01640625 0.065625
3 0.759375 0.26015625 0.015625 0.06640625
3 0.25546875 0.43203125 0.02421875 0.07578125
3 0.8890625 0.83046875 0.0359375 0.103125
3 0.7203125 0.41328125 0.01875 0.078125
3 0.2421875 0.75 0.02578125 0.10703125