3 0.57890625 0.3140625 0.0171875 0.084375
3 0.271875 0.2625 0.01796875 0.0859375
3 0.503125 0.22734375 0.01953125 0.075
3 0.3859375 0.42421875 0.02265625 0.08984375
3 0.0078125 0.5140625 0.01484375 0.12109375
3 0.52890625 0.34140625 0.02109375 0.08828125
1 0.86953125 0.43828125 0.01015625 0.01953125
3 0.4984375 0.11328125 0.015625 0.059375
3 0.36640625 0.16640625 0.01640625 0.06640625
3 0.2421875 0.29140625 0.021875 0.084375
3 0.23125 0.415625 0.01953125 0.096875
3 0.89765625 0.40390625 0.0265625 0.0984375
3 0.5875 0.51953125 0.025 0.1
3 0.69296875 0.42109375 0.021875 0.09921875
3 0.64140625 0.26875 0.0171875 0.0765625
3 0.2703125 0.228125 0.01640625 0.03515625
3 0.5125 0.94453125 0.0375 0.10390625
3 0.4625 0.09140625 0.0171875 0.053125
3 0.88203125 0.25546875 0.02109375 0.08203125
3 0.41171875 0.240625 0.0171875 0.0703125
3 0.42265625 0.30390625 0.01875 0.08125
3 0.52109375 0.19921875 0.01640625 0.07421875
3 0.65390625 0.225 0.0203125 0.06640625
3 0.0953125 0.3703125 0.02421875 0.08515625