3 0.709375 0.25234375 0.0203125 0.065625
3 0.6140625 0.284375 0.01796875 0.05
3 0.35 0.36796875 0.02109375 0.071875
1 0.28515625 0.65390625 0.009375 0.01640625
3 0.45625 0.14609375 0.01328125 0.05
3 0.278125 0.22421875 0.01875 0.0625
3 0.253125 0.61953125 0.03046875 0.08359375
3 0.5390625 0.403125 0.0234375 0.06953125
3 0.296875 0.39375 0.01953125 0.0625
3 0.7359375 0.33359375 0.02421875 0.0640625
3 0.896875 0.684375 0.0328125 0.08359375
3 0.7703125 0.446875 0.021875 0.0765625
3 0.6125 0.5890625 0.02890625 0.08359375
3 0.55859375 0.296875 0.0203125 0.0609375
3 0.6203125 0.471875 0.02265625 0.06796875
3 0.11640625 0.33828125 0.01875 0.07109375
3 0.546875 0.221875 0.01484375 0.05859375
3 0.67421875 0.35859375 0.0234375 0.06640625
3 0.390625 0.50859375 0.02109375 0.06953125
3 0.5953125 0.31640625 0.01953125 0.0609375
3 0.525 0.19140625 0.01640625 0.053125