3 0.54375 0.284375 0.02265625 0.084375
3 0.53359375 0.4734375 0.0296875 0.1140625
3 0.484375 0.23203125 0.01875 0.07578125
3 0.99140625 0.49453125 0.0171875 0.12109375
3 0.35078125 0.453125 0.03515625 0.0984375
3 0.88125 0.2015625 0.02421875 0.0703125
3 0.675 0.1265625 0.01640625 0.06484375
1 0.15859375 0.36640625 0.009375 0.01796875
3 0.1703125 0.32578125 0.02578125 0.09453125
3 0.9828125 0.340625 0.02578125 0.10390625
3 0.91171875 0.2359375 0.02265625 0.0796875
3 0.06171875 0.603125 0.0359375 0.125
3 0.79375 0.40703125 0.0234375 0.10078125
3 0.73515625 0.8890625 0.03515625 0.1609375
3 0.89375 0.76328125 0.03359375 0.1453125
3 0.91328125 0.40390625 0.02421875 0.096875