3 0.3328125 0.36953125 0.028125 0.0953125
3 0.6296875 0.3765625 0.02265625 0.0859375
3 0.3015625 0.4390625 0.02421875 0.08828125
3 0.6703125 0.45390625 0.04140625 0.09765625
1 0.74296875 0.3734375 0.00703125 0.01640625
3 0.2828125 0.34453125 0.021875 0.09140625
3 0.9140625 0.56796875 0.04609375 0.1125
3 0.4703125 0.5359375 0.03515625 0.10078125
3 0.2078125 0.48828125 0.0328125 0.10703125
3 0.61171875 0.35078125 0.034375 0.08203125
3 0.61875 0.89453125 0.03046875 0.1171875
3 0.390625 0.35625 0.02734375 0.09140625
3 0.00703125 0.32734375 0.0140625 0.0875
3 0.20390625 0.2734375 0.02109375 0.0859375
3 0.584375 0.3171875 0.028125 0.084375
3 0.2671875 0.4140625 0.02734375 0.08515625
3 0.121875 0.29609375 0.02265625 0.08828125
3 0.86875 0.390625 0.03203125 0.07890625