3 0.78046875 0.4953125 0.0203125 0.08515625
3 0.43046875 0.67109375 0.02421875 0.11328125
3 0.43515625 0.4234375 0.01953125 0.08359375
3 0.61171875 0.465625 0.01953125 0.09296875
3 0.2671875 0.3390625 0.0234375 0.06640625
3 0.5125 0.34296875 0.01796875 0.0734375
3 0.321875 0.54296875 0.02109375 0.090625
3 0.5953125 0.49453125 0.02109375 0.08984375
3 0.415625 0.56875 0.0234375 0.09921875
3 0.72578125 0.41953125 0.0203125 0.09140625
3 0.7015625 0.6359375 0.02265625 0.11015625
3 0.975 0.69921875 0.0265625 0.11328125
3 0.6625 0.71328125 0.02734375 0.1203125
3 0.05 0.54375 0.0234375 0.10390625
3 0.63671875 0.459375 0.01875 0.08203125
3 0.53515625 0.40078125 0.01875 0.08046875
3 0.58984375 0.33984375 0.01875 0.0796875
3 0.80546875 0.4890625 0.021875 0.0984375
1 0.2890625 0.36328125 0.00703125 0.01484375