3 0.6203125 0.15625 0.02265625 0.07109375
3 0.84296875 0.2109375 0.0203125 0.08984375
3 0.94375 0.6109375 0.03515625 0.14296875
3 0.7125 0.20390625 0.02265625 0.0703125
3 0.3046875 0.290625 0.02109375 0.1
3 0.55390625 0.396875 0.0375 0.103125
3 0.3046875 0.428125 0.02421875 0.109375
3 0.265625 0.43203125 0.025 0.1109375
3 0.71875 0.2796875 0.02890625 0.09296875
3 0.2046875 0.34921875 0.02421875 0.10390625
1 0.759375 0.25859375 0.0078125 0.01484375
3 0.7890625 0.2734375 0.0234375 0.096875
3 0.33359375 0.3359375 0.02421875 0.0984375
3 0.6578125 0.2359375 0.0203125 0.08203125
3 0.76015625 0.21953125 0.02265625 0.08203125
3 0.421875 0.25625 0.02734375 0.0890625
3 0.56640625 0.11796875 0.01953125 0.071875
3 0.521875 0.18828125 0.0171875 0.08359375
3 0.553125 0.284375 0.0234375 0.09609375
3 0.3921875 0.2421875 0.0203125 0.0859375