3 0.3953125 0.43359375 0.04375 0.1046875
3 0.35390625 0.51875 0.04140625 0.12109375
3 0.509375 0.44609375 0.0234375 0.11484375
3 0.1421875 0.11640625 0.0203125 0.09140625
3 0.30625 0.6578125 0.0421875 0.13828125
3 0.2859375 0.384375 0.03359375 0.115625
3 0.1265625 0.2671875 0.03359375 0.115625
3 0.371875 0.26953125 0.0265625 0.09609375
3 0.4796875 0.45390625 0.06328125 0.046875
3 0.5609375 0.18515625 0.03046875 0.09453125
3 0.9046875 0.321875 0.03828125 0.11484375
3 0.10078125 0.37421875 0.046875 0.121875
3 0.715625 0.346875 0.03046875 0.11328125
3 0.4578125 0.66484375 0.04765625 0.15
3 0.6375 0.45859375 0.04296875 0.1296875