3 0.3140625 0.2953125 0.01484375 0.05390625
3 0.3515625 0.5546875 0.0203125 0.07109375
1 0.621875 0.41171875 0.00625 0.0125
3 0.1203125 0.50234375 0.02265625 0.0765625
3 0.08125 0.69453125 0.02578125 0.08046875
3 0.8796875 0.68046875 0.0328125 0.08359375
3 0.4140625 0.628125 0.02265625 0.08046875
3 0.3578125 0.49140625 0.0203125 0.06640625
3 0.0625 0.375 0.01953125 0.05859375
3 0.20390625 0.78671875 0.028125 0.10703125
3 0.903125 0.43125 0.02421875 0.07109375
3 0.028125 0.91875 0.03046875 0.1015625
3 0.171875 0.578125 0.01875 0.078125
3 0.7046875 0.60625 0.03125 0.090625
3 0.646875 0.390625 0.025 0.05390625