3 0.553125 0.34296875 0.0125 0.05390625
3 0.50859375 0.22578125 0.01875 0.0484375
3 0.1296875 0.478125 0.01875 0.08046875
3 0.909375 0.67578125 0.025 0.08671875
3 0.5 0.58125 0.02578125 0.078125
3 0.3828125 0.36640625 0.0140625 0.059375
3 0.7734375 0.34296875 0.0171875 0.04140625
1 0.2984375 0.40390625 0.0078125 0.0140625
3 0.2875 0.21015625 0.0140625 0.04375
3 0.6875 0.465625 0.0171875 0.065625
3 0.47421875 0.484375 0.02109375 0.06328125
3 0.6984375 0.39921875 0.0140625 0.06015625
3 0.4140625 0.49296875 0.0234375 0.065625
3 0.4515625 0.3484375 0.01484375 0.05703125
3 0.240625 0.56796875 0.01875 0.07578125
3 0.55546875 0.86484375 0.0375 0.090625
3 0.19921875 0.37109375 0.01328125 0.0609375
3 0.303125 0.27578125 0.01328125 0.05546875
3 0.47578125 0.98359375 0.02265625 0.03125
3 0.503125 0.284375 0.015625 0.0453125
3 0.8640625 0.45 0.01796875 0.06875
3 0.52734375 0.4125 0.01484375 0.0609375
3 0.76484375 0.26640625 0.01328125 0.053125
3 0.52265625 0.30546875 0.01953125 0.04765625
3 0.54296875 0.984375 0.021875 0.03046875