3 0.24765625 0.653125 0.034375 0.08359375
3 0.5234375 0.4109375 0.01875 0.071875
1 0.253125 0.6859375 0.0109375 0.01640625
3 0.628125 0.71875 0.02734375 0.10390625
3 0.4375 0.49765625 0.02109375 0.0765625
3 0.5828125 0.47734375 0.02421875 0.0765625
3 0.3140625 0.59296875 0.03828125 0.071875
3 0.22265625 0.3796875 0.0265625 0.06796875
3 0.440625 0.27734375 0.01796875 0.0625
3 0.5046875 0.2640625 0.01484375 0.06640625
3 0.48828125 0.18359375 0.015625 0.053125
3 0.378125 0.37109375 0.0203125 0.075
3 0.94375 0.30390625 0.028125 0.08359375
3 0.3359375 0.253125 0.01953125 0.059375
3 0.71875 0.421875 0.02265625 0.08203125
3 0.6171875 0.3375 0.01875 0.075
3 0.71484375 0.646875 0.0296875 0.08203125
3 0.4890625 0.346875 0.015625 0.071875
3 0.5734375 0.28828125 0.01796875 0.07109375
3 0.6328125 0.340625 0.01953125 0.071875
3 0.6015625 0.259375 0.01484375 0.0640625
3 0.40390625 0.32265625 0.015625 0.07109375