3 0.865625 0.36171875 0.0234375 0.109375
3 0.01640625 0.08046875 0.01875 0.06875
3 0.50859375 0.8640625 0.03828125 0.16171875
3 0.43828125 0.3640625 0.01796875 0.096875
3 0.31484375 0.3171875 0.02109375 0.0953125
3 0.178125 0.29375 0.021875 0.0890625
3 0.759375 0.22578125 0.02421875 0.08515625
3 0.12109375 0.48046875 0.025 0.1109375
3 0.23515625 0.62109375 0.02734375 0.14296875
3 0.453125 0.11640625 0.0171875 0.065625
3 0.28046875 0.240625 0.01953125 0.0953125
3 0.28828125 0.54140625 0.02734375 0.1203125
1 0.7703125 0.27890625 0.01015625 0.01640625
3 0.215625 0.59609375 0.02109375 0.12890625
3 0.18203125 0.41171875 0.03203125 0.1140625
3 0.03359375 0.38671875 0.028125 0.11484375
3 0.4390625 0.29375 0.01875 0.075
3 0.34609375 0.19375 0.0203125 0.08046875