3 0.45703125 0.27578125 0.01796875 0.08046875
3 0.34765625 0.7734375 0.034375 0.14609375
1 0.1265625 0.4296875 0.01015625 0.0203125
3 0.8625 0.50625 0.03359375 0.109375
3 0.840625 0.5171875 0.0265625 0.11015625
3 0.86484375 0.62734375 0.02578125 0.13203125
3 0.88984375 0.66640625 0.0296875 0.13984375
3 0.25234375 0.40078125 0.02890625 0.0890625
3 0.56875 0.3109375 0.0203125 0.0890625
3 0.53359375 0.25546875 0.02421875 0.06640625
3 0.09921875 0.4140625 0.0375 0.10390625
3 0.7328125 0.40390625 0.02734375 0.10390625
3 0.46328125 0.52890625 0.02734375 0.1140625
3 0.521875 0.365625 0.02734375 0.10390625
3 0.58828125 0.34140625 0.02265625 0.09296875
3 0.4765625 0.29140625 0.02109375 0.08984375
3 0.75625 0.39921875 0.02421875 0.11015625