3 0.35390625 0.3484375 0.01875 0.0546875
3 0.92421875 0.41875 0.02578125 0.075
3 0.16015625 0.52578125 0.021875 0.08828125
3 0.3546875 0.2734375 0.01171875 0.05390625
3 0.39609375 0.32109375 0.01640625 0.06015625
3 0.665625 0.56640625 0.02421875 0.08984375
1 0.37578125 0.371875 0.00859375 0.01328125
3 0.3234375 0.29609375 0.0203125 0.05703125
3 0.7140625 0.4546875 0.02109375 0.07421875
3 0.81875 0.62578125 0.0265625 0.1
3 0.9296875 0.70546875 0.0296875 0.1046875
3 0.3375 0.69375 0.02578125 0.1015625
3 0.578125 0.30390625 0.01484375 0.06640625
3 0.865625 0.9359375 0.03515625 0.1234375
3 0.5140625 0.35703125 0.01484375 0.06484375
3 0.30625 0.37578125 0.02265625 0.06484375
3 0.6140625 0.32265625 0.01796875 0.05625
3 0.86171875 0.52265625 0.025 0.09140625
3 0.36171875 0.4015625 0.01875 0.0609375
3 0.6671875 0.3765625 0.01875 0.06796875
3 0.9609375 0.51328125 0.0234375 0.078125
3 0.63359375 0.38828125 0.02109375 0.065625
3 0.41953125 0.3984375 0.01875 0.06484375