3 0.62578125 0.228125 0.02421875 0.08359375
3 0.43359375 0.21953125 0.021875 0.090625
3 0.94765625 0.1984375 0.02578125 0.09375
3 0.35390625 0.26796875 0.02265625 0.09921875
1 0.79453125 0.23046875 0.01015625 0.01875
3 0.3609375 0.346875 0.02421875 0.10625
3 0.62265625 0.38359375 0.0296875 0.109375
3 0.34453125 0.453125 0.02578125 0.115625
3 0.47890625 0.24140625 0.0328125 0.0890625
3 0.22421875 0.35703125 0.03125 0.10859375
3 0.31328125 0.45078125 0.03359375 0.11171875
3 0.8421875 0.28046875 0.0328125 0.1
3 0.6796875 0.18359375 0.025 0.06953125
3 0.60546875 0.2765625 0.021875 0.10390625
3 0.746875 0.20390625 0.025 0.0953125
3 0.5671875 0.17265625 0.01953125 0.08828125
3 0.65859375 0.14609375 0.01953125 0.084375
3 0.9484375 0.29296875 0.02421875 0.103125
3 0.61796875 0.096875 0.02109375 0.075