3 0.88984375 0.94296875 0.02265625 0.1109375
3 0.6515625 0.18203125 0.01484375 0.05546875
3 0.1484375 0.9265625 0.0390625 0.08984375
3 0.48125 0.2625 0.0203125 0.06328125
3 0.3859375 0.7265625 0.0203125 0.096875
3 0.965625 0.8890625 0.034375 0.11171875
3 0.5453125 0.325 0.015625 0.06953125
3 0.2671875 0.1984375 0.0125 0.05703125
3 0.534375 0.75703125 0.02421875 0.09453125
3 0.31328125 0.75234375 0.0296875 0.08671875
3 0.1515625 0.321875 0.0171875 0.06796875
3 0.36875 0.4765625 0.02265625 0.084375
3 0.7640625 0.4140625 0.0171875 0.07421875
3 0.1734375 0.55 0.02421875 0.08203125
3 0.13359375 0.6515625 0.01953125 0.09296875
3 0.7671875 0.534375 0.01953125 0.07734375
3 0.20625 0.2203125 0.01484375 0.0609375
3 0.00703125 0.50703125 0.0140625 0.0921875
1 0.56328125 0.76015625 0.0078125 0.0140625
3 0.55625 0.765625 0.03046875 0.096875
3 0.36328125 0.3 0.01640625 0.06875
3 0.5296875 0.48984375 0.0171875 0.07890625
3 0.48671875 0.95234375 0.03828125 0.09375
3 0.33515625 0.5546875 0.02109375 0.08671875
3 0.7375 0.2953125 0.015625 0.06640625