3 0.696875 0.36328125 0.0203125 0.0984375
3 0.51328125 0.575 0.02421875 0.12421875
3 0.0203125 0.39375 0.02578125 0.10078125
1 0.1875 0.2859375 0.00859375 0.0140625
3 0.11328125 0.4984375 0.03671875 0.11171875
3 0.79609375 0.2734375 0.028125 0.08046875
3 0.88125 0.2015625 0.02421875 0.06796875
3 0.19375 0.253125 0.03046875 0.071875
3 0.69140625 0.47734375 0.03046875 0.10078125
3 0.68046875 0.4125 0.0234375 0.08984375
3 0.38125 0.16796875 0.02109375 0.0734375
3 0.39453125 0.4296875 0.03203125 0.1
3 0.53203125 0.61328125 0.03203125 0.12578125