3 0.75390625 0.43359375 0.0203125 0.07265625
3 0.3265625 0.50703125 0.02265625 0.07578125
3 0.075 0.16484375 0.01484375 0.04453125
3 0.48671875 0.39296875 0.01640625 0.059375
3 0.371875 0.253125 0.01328125 0.05703125
3 0.14765625 0.57890625 0.02109375 0.09765625
3 0.70078125 0.45234375 0.0171875 0.08046875
3 0.653125 0.959375 0.02265625 0.0796875
3 0.89765625 0.5796875 0.021875 0.08359375
3 0.653125 0.3453125 0.02421875 0.065625
1 0.35546875 0.525 0.00703125 0.0140625
3 0.4140625 0.3328125 0.015625 0.06953125
3 0.709375 0.29296875 0.015625 0.06171875
3 0.53359375 0.16484375 0.01328125 0.0484375
3 0.1859375 0.2390625 0.01953125 0.05625
3 0.59375 0.24296875 0.0171875 0.046875
3 0.090625 0.3640625 0.01796875 0.06875
3 0.73203125 0.834375 0.0265625 0.1125
3 0.5671875 0.2984375 0.01484375 0.05859375
3 0.63515625 0.23125 0.0125 0.053125
3 0.759375 0.3625 0.0171875 0.06171875
3 0.49765625 0.334375 0.01796875 0.06953125
3 0.5421875 0.60546875 0.0328125 0.08671875
3 0.31015625 0.415625 0.02109375 0.071875