3 0.49296875 0.43125 0.01953125 0.11484375
3 0.60234375 0.58203125 0.04453125 0.11484375
3 0.6109375 0.45 0.0234375 0.09609375
3 0.384375 0.4421875 0.0296875 0.10078125
3 0.7640625 0.59140625 0.0296875 0.115625
3 0.8015625 0.42890625 0.03359375 0.1046875
3 0.45 0.23203125 0.04296875 0.0953125
3 0.59140625 0.69296875 0.03828125 0.12578125
3 0.575 0.4359375 0.01328125 0.10390625
3 0.44609375 0.425 0.02578125 0.11328125
3 0.62109375 0.91953125 0.03828125 0.1359375
3 0.60546875 0.3953125 0.01953125 0.03671875
3 0.359375 0.553125 0.0296875 0.115625
3 0.5890625 0.4359375 0.01796875 0.09921875
1 0.63515625 0.61953125 0.0140625 0.01953125
3 0.840625 0.42578125 0.034375 0.11171875
3 0.29609375 0.43828125 0.0546875 0.103125
3 0.534375 0.440625 0.03984375 0.103125
3 0.5625 0.43203125 0.01796875 0.10625
3 0.3625 0.4265625 0.03671875 0.09375
3 0.3375 0.4359375 0.02578125 0.115625
3 0.634375 0.43671875 0.02890625 0.10859375