3 0.09453125 0.396875 0.0171875 0.075
3 0.5109375 0.5 0.01875 0.0859375
3 0.5296875 0.621875 0.01328125 0.0875
3 0.20625 0.4109375 0.01484375 0.075
3 0.35078125 0.3640625 0.0140625 0.071875
3 0.0609375 0.47734375 0.02265625 0.090625
3 0.4890625 0.49609375 0.02109375 0.11640625
3 0.1875 0.3328125 0.015625 0.07109375
3 0.684375 0.4140625 0.01328125 0.075
3 0.9359375 0.409375 0.01484375 0.07890625
3 0.5875 0.25078125 0.01484375 0.0515625
3 0.5078125 0.69765625 0.0234375 0.115625
3 0.54375 0.71015625 0.028125 0.1125
3 0.21875 0.46328125 0.01796875 0.084375
1 0.496875 0.43125 0.0078125 0.0125
2 0.70859375 0.515625 0.0234375 0.0859375
3 0.48359375 0.403125 0.01875 0.0734375
3 0.0359375 0.57890625 0.02421875 0.09140625
3 0.484375 0.3359375 0.01484375 0.0640625
3 0.503125 0.325 0.01484375 0.0640625
2 0.2453125 0.22734375 0.01328125 0.0515625