3 0.48828125 0.53046875 0.040625 0.09609375
3 0.64921875 0.49765625 0.04609375 0.0859375
3 0.48515625 0.73046875 0.03203125 0.11875
3 0.51875 0.3484375 0.0265625 0.078125
1 0.5390625 0.53203125 0.01171875 0.02109375
3 0.2484375 0.628125 0.025 0.121875
3 0.065625 0.396875 0.02578125 0.08515625
3 0.23984375 0.49921875 0.03203125 0.08984375
3 0.34375 0.34296875 0.02734375 0.08203125
3 0.8203125 0.65703125 0.03203125 0.11015625
3 0.39609375 0.4671875 0.02109375 0.0765625
3 0.18671875 0.85078125 0.04453125 0.13203125
3 0.6078125 0.453125 0.02890625 0.09140625
3 0.3515625 0.44453125 0.03203125 0.09140625
3 0.26796875 0.4015625 0.03359375 0.08671875
3 0.421875 0.275 0.02734375 0.06640625
3 0.53984375 0.4828125 0.04140625 0.08203125
3 0.74921875 0.890625 0.03359375 0.134375
3 0.25234375 0.33515625 0.02578125 0.071875
3 0.46484375 0.4046875 0.02109375 0.08359375