3 0.46640625 0.71484375 0.0390625 0.1234375
3 0.8296875 0.390625 0.0234375 0.0875
3 0.77734375 0.5015625 0.0390625 0.09453125
3 0.7234375 0.50234375 0.03359375 0.10703125
3 0.73515625 0.37890625 0.0234375 0.09140625
3 0.8953125 0.33359375 0.02421875 0.0890625
1 0.5 0.81328125 0.01796875 0.02890625
3 0.7890625 0.371875 0.03046875 0.0875
3 0.9625 0.40703125 0.02890625 0.09453125
3 0.6 0.78828125 0.03671875 0.140625
3 0.51875 0.47578125 0.02421875 0.1015625
3 0.5734375 0.440625 0.02265625 0.084375
3 0.575 0.53671875 0.04296875 0.10703125
2 0.64453125 0.6359375 0.0375 0.11640625
3 0.27578125 0.6921875 0.0265625 0.06796875
3 0.26171875 0.79140625 0.0359375 0.125
0 0.5359375 0.3484375 0.02890625 0.0859375