3 0.5 0.428125 0.0265625 0.10546875
3 0.671875 0.50234375 0.02890625 0.1359375
3 0.5296875 0.44296875 0.025 0.11328125
3 0.45078125 0.36875 0.02421875 0.10703125
3 0.634375 0.50625 0.03828125 0.11953125
3 0.47109375 0.3765625 0.02421875 0.103125
1 0.721875 0.19453125 0.00703125 0.01328125
3 0.5671875 0.48046875 0.02734375 0.1203125
3 0.58984375 0.4859375 0.02578125 0.12109375
3 0.84375 0.159375 0.0234375 0.08046875
3 0.9375 0.55625 0.03046875 0.1265625
3 0.2421875 0.4109375 0.02890625 0.115625
3 0.46484375 0.55078125 0.03359375 0.12109375
3 0.734375 0.42109375 0.02578125 0.109375
3 0.41484375 0.36953125 0.02578125 0.11640625
3 0.35390625 0.434375 0.02890625 0.11171875
3 0.4375 0.52890625 0.0296875 0.13125
3 0.61328125 0.4484375 0.02578125 0.10703125
3 0.7078125 0.41875 0.02890625 0.11015625
3 0.728125 0.14296875 0.01953125 0.08671875
3 0.55078125 0.61171875 0.034375 0.13671875
3 0.271875 0.37109375 0.03046875 0.10703125