3 0.56171875 0.709375 0.02578125 0.10546875
3 0.5109375 0.2984375 0.01796875 0.065625
3 0.41640625 0.4828125 0.01875 0.08046875
3 0.05390625 0.45390625 0.02265625 0.08828125
3 0.54921875 0.65078125 0.0265625 0.10703125
3 0.35546875 0.31640625 0.01953125 0.0640625
3 0.5671875 0.32109375 0.01484375 0.06796875
3 0.44140625 0.33984375 0.02109375 0.06640625
3 0.3765625 0.26328125 0.015625 0.06015625
3 0.08046875 0.34140625 0.015625 0.0703125
3 0.39609375 0.51171875 0.01953125 0.090625
3 0.68984375 0.60078125 0.02421875 0.103125
3 0.728125 0.4609375 0.02109375 0.08671875
3 0.9578125 0.7609375 0.02890625 0.1265625
3 0.24296875 0.465625 0.025 0.084375
3 0.58671875 0.41015625 0.01796875 0.078125
3 0.49296875 0.4125 0.01953125 0.08203125
3 0.271875 0.38203125 0.01796875 0.0796875
1 0.3640625 0.34296875 0.00703125 0.0140625
3 0.88359375 0.590625 0.021875 0.1
3 0.59765625 0.33359375 0.02109375 0.06796875