3 0.8671875 0.25234375 0.02265625 0.1125
3 0.9125 0.38359375 0.03515625 0.121875
1 0.4796875 0.3265625 0.01171875 0.01953125
3 0.4046875 0.61015625 0.04609375 0.15390625
3 0.2296875 0.3890625 0.03359375 0.128125
3 0.0296875 0.36328125 0.04296875 0.1625
3 0.634375 0.18515625 0.03046875 0.09609375
3 0.5203125 0.31484375 0.034375 0.11796875
3 0.68046875 0.4328125 0.03125 0.13203125
3 0.6046875 0.49453125 0.03515625 0.1359375
3 0.5015625 0.7734375 0.0375 0.1640625
3 0.45625 0.28125 0.04140625 0.109375