3 0.7359375 0.8515625 0.05625 0.16640625
3 0.3890625 0.534375 0.025 0.1015625
3 0.19765625 0.515625 0.0328125 0.11953125
3 0.9890625 0.48359375 0.0203125 0.10546875
3 0.5171875 0.4046875 0.04921875 0.09296875
3 0.071875 0.49921875 0.04609375 0.09296875
3 0.5140625 0.47109375 0.02890625 0.096875
3 0.92421875 0.209375 0.0296875 0.084375
3 0.578125 0.56640625 0.02890625 0.11953125
3 0.5328125 0.3390625 0.03046875 0.08359375
3 0.275 0.83828125 0.05703125 0.140625
3 0.8 0.609375 0.03046875 0.12109375
3 0.7140625 0.603125 0.02734375 0.125
1 0.49765625 0.671875 0.0140625 0.02109375
3 0.79375 0.103125 0.01640625 0.0609375
3 0.153125 0.3234375 0.02421875 0.0859375
3 0.98515625 0.61953125 0.0296875 0.1203125
3 0.2828125 0.64375 0.0390625 0.0984375
3 0.63125 0.50078125 0.03515625 0.109375