3 0.8 0.4203125 0.0234375 0.07109375
3 0.80625 0.44609375 0.02109375 0.078125
3 0.3734375 0.3796875 0.01796875 0.07890625
3 0.7578125 0.3828125 0.01875 0.0734375
3 0.43671875 0.72109375 0.034375 0.10546875
3 0.196875 0.5015625 0.025 0.09453125
3 0.628125 0.5546875 0.02265625 0.08203125
1 0.50625 0.646875 0.01171875 0.021875
3 0.9609375 0.3328125 0.0265625 0.07109375
3 0.5890625 0.1859375 0.01640625 0.053125
3 0.353125 0.38671875 0.0171875 0.08203125
3 0.653125 0.32578125 0.01875 0.07109375
3 0.61171875 0.86796875 0.0375 0.11953125
3 0.5390625 0.978125 0.03515625 0.04296875
3 0.515625 0.50546875 0.021875 0.0890625
3 0.3484375 0.46953125 0.01953125 0.08359375
3 0.7 0.27734375 0.01640625 0.059375