3 0.221875 0.459375 0.01328125 0.06484375
3 0.31875 0.31796875 0.01640625 0.04921875
3 0.40546875 0.4859375 0.01953125 0.06875
3 0.49765625 0.30859375 0.01171875 0.0484375
3 0.50546875 0.51015625 0.01484375 0.06484375
3 0.24765625 0.5859375 0.025 0.08359375
3 0.80234375 0.634375 0.01875 0.08125
3 0.86953125 0.45 0.01875 0.0703125
3 0.2640625 0.384375 0.0203125 0.0515625
3 0.534375 0.48203125 0.02265625 0.05546875
3 0.69296875 0.4921875 0.01796875 0.065625
3 0.478125 0.41015625 0.0140625 0.06328125
3 0.44296875 0.53046875 0.015625 0.0734375
3 0.56328125 0.26328125 0.01015625 0.046875
3 0.35546875 0.41640625 0.01640625 0.0515625
3 0.834375 0.37265625 0.01640625 0.05859375
3 0.484375 0.32109375 0.0109375 0.046875
3 0.6828125 0.4171875 0.01796875 0.0640625
3 0.4515625 0.6078125 0.0296875 0.07109375
3 0.63203125 0.3578125 0.01640625 0.0546875
3 0.42109375 0.3703125 0.01796875 0.05