3 0.440625 0.7140625 0.0375 0.19375
3 0.5640625 0.434375 0.02890625 0.15703125
3 0.82578125 0.878125 0.06953125 0.21953125
3 0.45390625 0.43203125 0.03984375 0.146875
3 0.86953125 0.89296875 0.05078125 0.20390625
3 0.85703125 0.490625 0.04140625 0.1734375
3 0.9890625 0.7640625 0.02109375 0.2328125
3 0.7890625 0.61171875 0.040625 0.196875
3 0.52890625 0.50234375 0.03203125 0.16796875
3 0.371875 0.49375 0.05234375 0.1671875
3 0.58046875 0.66875 0.0546875 0.1890625
3 0.01953125 0.96484375 0.03359375 0.06953125
3 0.5453125 0.42578125 0.02734375 0.1484375
3 0.5359375 0.7703125 0.05703125 0.20703125