3 0.61171875 0.33515625 0.025 0.0890625
3 0.65 0.30859375 0.01796875 0.090625
3 0.76640625 0.35078125 0.028125 0.09921875
3 0.553125 0.3578125 0.03359375 0.10859375
3 0.63984375 0.3375 0.0265625 0.0984375
3 0.6046875 0.52578125 0.0453125 0.11796875
3 0.37109375 0.4890625 0.0328125 0.1390625
3 0.37421875 0.29453125 0.02890625 0.096875
3 0.1796875 0.54921875 0.05546875 0.13125
3 0.8546875 0.5875 0.0421875 0.1609375
3 0.29921875 0.61484375 0.0375 0.1453125
3 0.546875 0.6046875 0.04765625 0.12421875
3 0.73203125 0.403125 0.03046875 0.1125
3 0.44453125 0.4453125 0.0359375 0.11640625
3 0.453125 0.57109375 0.046875 0.140625
1 0.5796875 0.6546875 0.015625 0.0296875
3 0.67421875 0.31484375 0.03046875 0.0984375