3 0.71171875 0.81796875 0.0296875 0.1078125
3 0.98984375 0.95078125 0.0203125 0.096875
3 0.4375 0.83515625 0.0328125 0.10546875
3 0.65078125 0.30234375 0.01796875 0.06640625
3 0.3953125 0.4171875 0.01875 0.07109375
3 0.75 0.21484375 0.01484375 0.05703125
3 0.4734375 0.75078125 0.0421875 0.06953125
3 0.22578125 0.571875 0.02265625 0.08203125
3 0.1796875 0.31328125 0.01640625 0.06640625
3 0.38671875 0.20859375 0.01875 0.05625
3 0.209375 0.4890625 0.02265625 0.07421875
3 0.2125 0.92578125 0.03515625 0.09140625
3 0.29453125 0.20546875 0.0140625 0.05859375
3 0.33671875 0.46796875 0.01875 0.07890625
1 0.54765625 0.853125 0.009375 0.01640625
3 0.040625 0.49453125 0.02109375 0.0890625
3 0.79609375 0.29296875 0.01640625 0.065625
3 0.84375 0.46015625 0.0234375 0.06875
3 0.521875 0.46015625 0.0234375 0.07421875
3 0.834375 0.3484375 0.01953125 0.06015625
3 0.46875 0.2984375 0.0140625 0.06328125
3 0.45234375 0.65625 0.03203125 0.0765625
3 0.51640625 0.96953125 0.02734375 0.059375
3 0.96015625 0.96171875 0.01953125 0.07578125
3 0.64296875 0.25390625 0.01796875 0.05859375