3 0.3609375 0.4984375 0.021875 0.078125
3 0.128125 0.43671875 0.02109375 0.0765625
3 0.784375 0.515625 0.02421875 0.08046875
3 0.31875 0.259375 0.01640625 0.046875
3 0.06953125 0.553125 0.025 0.0890625
3 0.765625 0.35390625 0.01953125 0.0640625
3 0.2921875 0.36015625 0.02265625 0.059375
3 0.434375 0.4296875 0.02421875 0.0734375
3 0.4421875 0.66640625 0.0265625 0.1
3 0.54453125 0.69609375 0.03125 0.1
3 0.55625 0.3671875 0.021875 0.065625
3 0.0171875 0.82734375 0.034375 0.11796875
3 0.8765625 0.840625 0.0390625 0.1109375
3 0.7859375 0.90078125 0.03671875 0.134375
3 0.7109375 0.42421875 0.01796875 0.0765625
3 0.6796875 0.55546875 0.02421875 0.09140625
1 0.30625 0.39609375 0.0078125 0.0140625
3 0.57109375 0.37578125 0.021875 0.0625
3 0.7 0.428125 0.01640625 0.06640625