3 0.60625 0.35078125 0.04140625 0.14296875
3 0.45234375 0.2171875 0.03515625 0.09375
3 0.2609375 0.36328125 0.0328125 0.125
3 0.203125 0.50625 0.0453125 0.13828125
3 0.54453125 0.1828125 0.03359375 0.096875
3 0.5375 0.36171875 0.03359375 0.1265625
3 0.25 0.54296875 0.03359375 0.1515625
3 0.14921875 0.7234375 0.0359375 0.15859375
3 0.7484375 0.73828125 0.05625 0.1609375
1 0.54765625 0.23203125 0.009375 0.01640625
3 0.18203125 0.31953125 0.03359375 0.13203125
3 0.05390625 0.20546875 0.0359375 0.10625