3 0.84296875 0.2609375 0.01640625 0.0703125
3 0.7546875 0.209375 0.021875 0.065625
3 0.1109375 0.628125 0.0296875 0.11640625
3 0.8578125 0.334375 0.02109375 0.0703125
3 0.8890625 0.35703125 0.0296875 0.0859375
3 0.48125 0.34609375 0.01796875 0.075
3 0.89609375 0.496875 0.0265625 0.10390625
1 0.47734375 0.81796875 0.015625 0.0234375
3 0.31953125 0.44921875 0.03046875 0.09296875
3 0.46171875 0.11796875 0.0140625 0.05078125
3 0.578125 0.8 0.03046875 0.13125
3 0.5265625 0.39609375 0.02734375 0.07890625
3 0.4203125 0.29609375 0.01953125 0.07421875
3 0.66328125 0.74609375 0.028125 0.11015625
3 0.1234375 0.1765625 0.015625 0.06171875
3 0.525 0.93828125 0.0265625 0.1140625
3 0.25625 0.46875 0.0296875 0.08046875
3 0.1765625 0.23359375 0.01640625 0.0734375
3 0.33203125 0.6296875 0.02890625 0.10390625
3 0.78046875 0.90859375 0.034375 0.13828125
3 0.603125 0.20703125 0.02265625 0.06171875
3 0.57265625 0.33515625 0.02265625 0.08359375
3 0.5328125 0.4828125 0.0265625 0.09140625
3 0.228125 0.8234375 0.0296875 0.13984375