3 0.296875 0.31953125 0.02265625 0.06953125
3 0.70859375 0.421875 0.0234375 0.0859375
1 0.3 0.35078125 0.00703125 0.0125
3 0.771875 0.5015625 0.025 0.1
3 0.31875 0.3890625 0.021875 0.08046875
3 0.8984375 0.66484375 0.025 0.1015625
3 0.8 0.52734375 0.03046875 0.09609375
3 0.4640625 0.3265625 0.01640625 0.06953125
3 0.0828125 0.74921875 0.034375 0.115625
3 0.62109375 0.3390625 0.0203125 0.08359375
3 0.65390625 0.365625 0.025 0.0734375
3 0.821875 0.9875 0.0171875 0.025
3 0.446875 0.30625 0.02265625 0.06796875
3 0.396875 0.39375 0.02265625 0.0875
3 0.490625 0.615625 0.0296875 0.0984375
3 0.6015625 0.475 0.02578125 0.0859375
3 0.4515625 0.36796875 0.02265625 0.071875
3 0.5375 0.428125 0.0171875 0.084375
3 0.2578125 0.58125 0.02421875 0.09296875
3 0.103125 0.57578125 0.028125 0.09296875