3 0.49921875 0.2953125 0.01953125 0.09296875
3 0.95078125 0.309375 0.02421875 0.09375
3 0.14921875 0.4140625 0.03125 0.11796875
3 0.51484375 0.1390625 0.01796875 0.07421875
3 0.075 0.66015625 0.04765625 0.13671875
3 0.7484375 0.6296875 0.040625 0.12578125
1 0.13828125 0.46953125 0.01015625 0.01953125
3 0.834375 0.17109375 0.01796875 0.078125
3 0.98203125 0.25625 0.02265625 0.08984375
3 0.73671875 0.31015625 0.0234375 0.1
3 0.81328125 0.30078125 0.02109375 0.08828125
3 0.76796875 0.421875 0.0203125 0.1015625
3 0.40078125 0.2234375 0.01953125 0.08203125
3 0.57890625 0.4296875 0.028125 0.10703125
3 0.46484375 0.45703125 0.02421875 0.115625