3 0.359375 0.4296875 0.0234375 0.0984375
3 0.71640625 0.390625 0.025 0.09609375
3 0.071875 0.803125 0.04140625 0.146875
3 0.446875 0.340625 0.0328125 0.0875
3 0.5046875 0.2640625 0.021875 0.075
3 0.6 0.55 0.02734375 0.1109375
3 0.20234375 0.5421875 0.03125 0.109375
3 0.659375 0.1328125 0.01796875 0.07109375
3 0.6875 0.46640625 0.04375 0.0890625
3 0.7984375 0.20234375 0.0171875 0.08203125
3 0.49765625 0.3140625 0.0203125 0.0859375
3 0.64140625 0.33515625 0.03125 0.084375
3 0.796875 0.57421875 0.04609375 0.11796875
1 0.7234375 0.4328125 0.00859375 0.015625
3 0.64375 0.396875 0.02890625 0.08203125
3 0.534375 0.87734375 0.03984375 0.1484375
3 0.45625 0.6640625 0.03203125 0.1359375
3 0.9 0.40859375 0.02421875 0.103125
3 0.97265625 0.4609375 0.028125 0.1
3 0.76015625 0.2828125 0.0234375 0.084375