3 0.2875 0.571875 0.0484375 0.13203125
3 0.675 0.1890625 0.02109375 0.096875
3 0.81875 0.4359375 0.02578125 0.121875
3 0.7375 0.77890625 0.05390625 0.15546875
3 0.640625 0.5921875 0.03515625 0.12890625
3 0.8203125 0.71796875 0.034375 0.175
3 0.6515625 0.078125 0.02109375 0.08046875
3 0.378125 0.315625 0.02265625 0.10390625
3 0.2734375 0.36875 0.0296875 0.1125
3 0.85859375 0.29609375 0.025 0.10859375
3 0.725 0.190625 0.02109375 0.1
3 0.415625 0.29453125 0.0265625 0.10859375
3 0.85625 0.44765625 0.03515625 0.12109375
1 0.32890625 0.5984375 0.0140625 0.028125
3 0.6046875 0.47890625 0.03125 0.128125