3 0.30703125 0.96875 0.03515625 0.05625
3 0.81796875 0.3015625 0.02734375 0.09296875
3 0.13125 0.28671875 0.02265625 0.09140625
3 0.1984375 0.77421875 0.03671875 0.15703125
3 0.43359375 0.27890625 0.0203125 0.08515625
3 0.309375 0.3734375 0.02578125 0.09296875
3 0.01875 0.56953125 0.03125 0.0984375
3 0.38515625 0.4765625 0.03984375 0.08828125
1 0.534375 0.5328125 0.01171875 0.02109375
3 0.2046875 0.1203125 0.01953125 0.0609375
3 0.01875 0.94375 0.03515625 0.1109375
3 0.26171875 0.36796875 0.02734375 0.08828125
3 0.56640625 0.215625 0.01796875 0.08203125
3 0.29765625 0.2125 0.01953125 0.0734375
3 0.46875 0.084375 0.0125 0.05390625
3 0.68828125 0.153125 0.01640625 0.071875
3 0.39296875 0.15859375 0.01875 0.06953125
3 0.61171875 0.39140625 0.03203125 0.09375
3 0.51328125 0.1609375 0.01640625 0.07578125
3 0.15234375 0.14375 0.02265625 0.07109375
3 0.37421875 0.24609375 0.021875 0.075
3 0.0109375 0.32109375 0.021875 0.0921875
3 0.52578125 0.92890625 0.053125 0.140625
3 0.89609375 0.64375 0.03125 0.1234375
3 0.1390625 0.23359375 0.02109375 0.0703125