3 0.85078125 0.36484375 0.0296875 0.09296875
3 0.84375 0.4890625 0.03515625 0.1
3 0.98125 0.3234375 0.025 0.0890625
3 0.6046875 0.5328125 0.03515625 0.115625
0 0.6015625 0.3421875 0.02578125 0.09609375
3 0.4796875 0.690625 0.0359375 0.128125
1 0.440625 0.80625 0.01640625 0.0234375
3 0.271875 0.7203125 0.02578125 0.1265625
3 0.8 0.49296875 0.03125 0.10859375
3 0.25390625 0.76875 0.04375 0.12890625
2 0.7375 0.6453125 0.0453125 0.115625
3 0.6203125 0.440625 0.02578125 0.10390625
3 0.7890625 0.36953125 0.02578125 0.09140625
3 0.57109375 0.453125 0.0234375 0.109375
3 0.89921875 0.384375 0.025 0.096875
3 0.6296875 0.79765625 0.0578125 0.1484375