3 0.24453125 0.41796875 0.03671875 0.128125
3 0.3421875 0.27890625 0.01796875 0.090625
3 0.36015625 0.29609375 0.034375 0.10625
3 0.60625 0.19375 0.02265625 0.06953125
3 0.39296875 0.58984375 0.03671875 0.140625
3 0.02578125 0.246875 0.02265625 0.09453125
3 0.46640625 0.57890625 0.03515625 0.14140625
3 0.6109375 0.34140625 0.0203125 0.1046875
1 0.58828125 0.221875 0.00859375 0.0140625
3 0.596875 0.30390625 0.0203125 0.09140625
3 0.99296875 0.228125 0.0125 0.10390625
3 0.65078125 0.29765625 0.02890625 0.08828125
3 0.853125 0.20234375 0.02421875 0.0953125
3 0.62578125 0.196875 0.02421875 0.07578125