3 0.16171875 0.18828125 0.0234375 0.09140625
3 0.38828125 0.25546875 0.025 0.09296875
3 0.54375 0.28125 0.03046875 0.10078125
3 0.1890625 0.171875 0.0265625 0.0984375
3 0.74375 0.465625 0.03515625 0.128125
3 0.83203125 0.953125 0.03671875 0.08828125
3 0.775 0.19765625 0.028125 0.10625
3 0.26484375 0.39453125 0.03359375 0.10703125
3 0.334375 0.01484375 0.02265625 0.0296875
1 0.6234375 0.76015625 0.01328125 0.01875
3 0.0671875 0.05546875 0.02578125 0.0859375
3 0.09765625 0.38125 0.02734375 0.11875
3 0.0234375 0.3890625 0.02890625 0.11640625
3 0.90625 0.9671875 0.03203125 0.0640625
3 0.34140625 0.69453125 0.040625 0.14921875
3 0.09375 0.29453125 0.03046875 0.11171875
3 0.378125 0.9453125 0.0375 0.109375
3 0.58828125 0.73359375 0.05859375 0.13359375