3 0.57734375 0.634375 0.028125 0.06953125
3 0.15546875 0.90390625 0.0375 0.10546875
1 0.665625 0.671875 0.009375 0.01640625
3 0.984375 0.33515625 0.03046875 0.07109375
3 0.4703125 0.5390625 0.02734375 0.078125
3 0.30625 0.60859375 0.03203125 0.0859375
3 0.9234375 0.97734375 0.03203125 0.04296875
3 0.43671875 0.5125 0.034375 0.08046875
3 0.2671875 0.31796875 0.01953125 0.0640625
3 0.55078125 0.4109375 0.0328125 0.071875
3 0.06796875 0.56953125 0.0234375 0.08046875
3 0.6890625 0.628125 0.03515625 0.078125
3 0.4265625 0.3390625 0.0203125 0.0609375
3 0.66875 0.56796875 0.0359375 0.06640625