3 0.42109375 0.49921875 0.0296875 0.10703125
3 0.29375 0.6484375 0.03828125 0.125
1 0.40078125 0.7515625 0.0140625 0.025
3 0.790625 0.3328125 0.02890625 0.09609375
3 0.5515625 0.34453125 0.02578125 0.09453125
3 0.765625 0.67734375 0.04765625 0.14296875
3 0.5875 0.478125 0.02578125 0.1140625
3 0.40234375 0.496875 0.0296875 0.10390625
3 0.4140625 0.721875 0.02890625 0.121875
3 0.7109375 0.5 0.03984375 0.121875
3 0.934375 0.11015625 0.02421875 0.07109375
3 0.55234375 0.94140625 0.03125 0.11640625
3 0.21015625 0.225 0.0203125 0.078125
3 0.765625 0.265625 0.021875 0.0859375
3 0.98828125 0.546875 0.0234375 0.12890625
3 0.5296875 0.50859375 0.03671875 0.11640625
3 0.2859375 0.778125 0.04296875 0.15390625
3 0.69609375 0.440625 0.0265625 0.109375