3 0.93203125 0.33828125 0.021875 0.0703125
3 0.96328125 0.25546875 0.01875 0.06796875
3 0.3140625 0.3078125 0.0171875 0.06796875
3 0.7734375 0.46328125 0.0203125 0.075
3 0.775 0.1578125 0.01484375 0.05625
1 0.28046875 0.3671875 0.00859375 0.01796875
3 0.93125 0.20546875 0.02265625 0.06484375
3 0.08046875 0.484375 0.021875 0.09375
3 0.53359375 0.1078125 0.01796875 0.0546875
3 0.06640625 0.24765625 0.01796875 0.0640625
3 0.98359375 0.81953125 0.028125 0.115625
3 0.57578125 0.24921875 0.01796875 0.06328125
3 0.64140625 0.8140625 0.02734375 0.11875
3 0.49609375 0.2578125 0.01796875 0.06796875
3 0.99375 0.28203125 0.0109375 0.0734375
3 0.4203125 0.421875 0.02734375 0.08125
3 0.6921875 0.48828125 0.0203125 0.0796875
3 0.3890625 0.30625 0.01875 0.0546875