3 0.2484375 0.41328125 0.03046875 0.11796875
3 0.50078125 0.25703125 0.0265625 0.10703125
3 0.1515625 0.2109375 0.02578125 0.0984375
3 0.18359375 0.675 0.0453125 0.14453125
3 0.36953125 0.24375 0.025 0.1015625
3 0.3609375 0.97109375 0.0296875 0.0515625
3 0.73515625 0.4796875 0.0375 0.140625
1 0.46640625 0.7890625 0.01328125 0.02109375
3 0.084375 0.30078125 0.028125 0.1046875
3 0.78984375 0.21640625 0.03046875 0.11015625
3 0.059375 0.42734375 0.03515625 0.1234375
3 0.04296875 0.0515625 0.02578125 0.08515625
3 0.45234375 0.72578125 0.05859375 0.14609375
3 0.0875 0.3921875 0.02734375 0.11953125
3 0.16953125 0.175 0.02265625 0.09609375