3 0.0203125 0.10546875 0.01328125 0.046875
3 0.753125 0.51796875 0.0203125 0.0859375
3 0.396875 0.63046875 0.021875 0.07890625
3 0.44921875 0.50546875 0.01953125 0.08203125
3 0.73671875 0.3515625 0.01796875 0.07421875
3 0.5796875 0.47890625 0.02421875 0.075
3 0.39921875 0.55859375 0.01875 0.08046875
3 0.51484375 0.76015625 0.0328125 0.1015625
3 0.6296875 0.87421875 0.0234375 0.1140625
1 0.565625 0.7109375 0.0078125 0.015625
3 0.334375 0.7515625 0.021875 0.1015625
3 0.0625 0.26953125 0.01640625 0.06328125
3 0.3453125 0.3546875 0.0203125 0.06796875
3 0.04140625 0.39921875 0.0203125 0.07734375
3 0.1 0.67265625 0.01953125 0.0984375
3 0.66328125 0.81796875 0.02734375 0.10390625
3 0.925 0.6109375 0.03671875 0.09140625
3 0.3125 0.3671875 0.01875 0.071875
3 0.52578125 0.25 0.0140625 0.0625
3 0.109375 0.64609375 0.01875 0.10859375
3 0.25 0.56640625 0.0203125 0.090625
3 0.54609375 0.69609375 0.025 0.0890625