3 0.0359375 0.21171875 0.03515625 0.06796875
3 0.009375 0.42421875 0.01875 0.1484375
3 0.66875 0.153125 0.02421875 0.06953125
3 0.0328125 0.0796875 0.02421875 0.0515625
3 0.86640625 0.29453125 0.034375 0.0859375
3 0.56640625 0.496875 0.03125 0.109375
3 0.4078125 0.459375 0.03125 0.09296875
3 0.503125 0.646875 0.03671875 0.121875
3 0.603125 0.38359375 0.02578125 0.09453125
3 0.20703125 0.225 0.0234375 0.071875
3 0.5484375 0.9671875 0.03828125 0.059375
3 0.490625 0.2234375 0.03125 0.075
3 0.18359375 0.65390625 0.0359375 0.128125
3 0.35390625 0.3203125 0.0359375 0.07890625
3 0.6796875 0.4359375 0.03359375 0.096875
1 0.57890625 0.41640625 0.009375 0.01640625
3 0.24375 0.48359375 0.03203125 0.103125
3 0.084375 0.63984375 0.04375 0.109375
3 0.703125 0.65625 0.0453125 0.1234375