3 0.084375 0.53671875 0.0328125 0.09609375
1 0.55078125 0.60390625 0.0109375 0.01953125
3 0.6390625 0.459375 0.02578125 0.0734375
3 0.04375 0.7796875 0.03515625 0.10390625
3 0.0640625 0.35546875 0.02109375 0.06953125
3 0.671875 0.628125 0.02421875 0.09453125
3 0.496875 0.621875 0.02421875 0.09609375
3 0.6828125 0.5234375 0.02734375 0.071875
3 0.44609375 0.4140625 0.021875 0.075
0 0.8484375 0.33125 0.0265625 0.07109375
3 0.6796875 0.428125 0.0203125 0.07109375
3 0.4984375 0.815625 0.02734375 0.10390625
3 0.5953125 0.64296875 0.02578125 0.0890625
3 0.146875 0.5375 0.034375 0.09140625
3 0.6671875 0.44375 0.01953125 0.0765625
3 0.184375 0.51484375 0.02890625 0.08203125
3 0.4640625 0.359375 0.02109375 0.06640625