3 0.35703125 0.42109375 0.0203125 0.109375
3 0.703125 0.55390625 0.03046875 0.121875
3 0.23515625 0.29140625 0.0296875 0.08984375
3 0.84921875 0.19140625 0.0203125 0.0765625
3 0.015625 0.46484375 0.03046875 0.1296875
3 0.80078125 0.30390625 0.02734375 0.1015625
3 0.1609375 0.26171875 0.0203125 0.09453125
3 0.51640625 0.32890625 0.02109375 0.0984375
3 0.95546875 0.3609375 0.025 0.11484375
3 0.59453125 0.2359375 0.01484375 0.07421875
3 0.36015625 0.878125 0.03828125 0.1734375
3 0.5875 0.2625 0.02109375 0.096875
3 0.6234375 0.171875 0.02109375 0.07890625
3 0.5890625 0.084375 0.01796875 0.06640625
3 0.36015625 0.51953125 0.025 0.12109375
3 0.69375 0.33125 0.0265625 0.09453125
3 0.34375 0.26796875 0.01953125 0.06640625
1 0.23828125 0.33046875 0.00859375 0.01640625
3 0.88359375 0.265625 0.02265625 0.09609375