3 0.421875 0.584375 0.021875 0.1
3 0.0078125 0.453125 0.015625 0.0875
3 0.5765625 0.51171875 0.021875 0.090625
3 0.5921875 0.33671875 0.01640625 0.075
3 0.8 0.4921875 0.02265625 0.09140625
3 0.77421875 0.490625 0.01953125 0.08203125
3 0.0734375 0.534375 0.02265625 0.09921875
3 0.6140625 0.47734375 0.0203125 0.084375
3 0.246875 0.31328125 0.0203125 0.06484375
3 0.3296875 0.56953125 0.021875 0.09609375
3 0.6359375 0.4640625 0.01875 0.08046875
3 0.725 0.42109375 0.02109375 0.08671875
3 0.4875 0.34921875 0.01796875 0.07421875
3 0.66875 0.6453125 0.0265625 0.109375
3 0.4171875 0.42265625 0.0203125 0.08046875
3 0.959375 0.70390625 0.025 0.11015625
3 0.61484375 0.7109375 0.02578125 0.12109375
3 0.55625 0.4125 0.01796875 0.08046875
3 0.45390625 0.65703125 0.02265625 0.10703125