3 0.528125 0.54375 0.02578125 0.109375
3 0.77734375 0.346875 0.021875 0.0890625
3 0.278125 0.8328125 0.03828125 0.1265625
3 0.71171875 0.52421875 0.0296875 0.0984375
3 0.8578125 0.409375 0.01796875 0.0890625
3 0.6625 0.39375 0.01796875 0.0875
3 0.48828125 0.7671875 0.0625 0.12109375
2 0.50703125 0.63046875 0.03125 0.1140625
3 0.715625 0.38203125 0.021875 0.0890625
3 0.5078125 0.4734375 0.02421875 0.09140625
2 0.971875 0.221875 0.021875 0.07109375
3 0.44921875 0.503125 0.0234375 0.1015625
3 0.8984375 0.41328125 0.02734375 0.09609375
0 0.440625 0.359375 0.0265625 0.08203125
3 0.29375 0.7421875 0.04296875 0.1015625
3 0.7359375 0.40625 0.01796875 0.08203125
3 0.6359375 0.51171875 0.028125 0.10390625
1 0.4125 0.85546875 0.015625 0.021875