3 0.8578125 0.19140625 0.015625 0.06640625
3 0.4078125 0.27578125 0.01484375 0.0296875
3 0.1578125 0.24140625 0.0203125 0.078125
3 0.409375 0.31640625 0.0171875 0.09453125
3 0.36328125 0.334375 0.0171875 0.0890625
3 0.4453125 0.37265625 0.021875 0.09140625
3 0.5765625 0.32890625 0.01796875 0.08125
1 0.86875 0.23046875 0.00703125 0.009375
3 0.49375 0.32734375 0.01328125 0.08046875
3 0.46484375 0.3125 0.015625 0.084375
3 0.69609375 0.11328125 0.015625 0.05625
3 0.8640625 0.27109375 0.01796875 0.07421875
3 0.38125 0.29453125 0.0109375 0.08203125
3 0.4890625 0.3 0.01484375 0.08515625
3 0.3875 0.30703125 0.01328125 0.084375
3 0.33984375 0.3359375 0.01796875 0.090625
3 0.4625 0.253125 0.01328125 0.04609375
3 0.56171875 0.2421875 0.02109375 0.06953125
3 0.68359375 0.20625 0.0140625 0.0703125
3 0.9390625 0.21171875 0.01953125 0.07109375
3 0.43125 0.28359375 0.015625 0.08046875