3 0.13828125 0.36015625 0.02734375 0.12421875
3 0.4984375 0.3640625 0.0359375 0.1203125
3 0.63515625 0.3375 0.03984375 0.11796875
3 0.425 0.29375 0.0390625 0.10703125
3 0.440625 0.196875 0.0296875 0.11484375
3 0.14296875 0.26640625 0.02578125 0.10390625
3 0.01484375 0.5359375 0.02578125 0.13203125
3 0.55625 0.23046875 0.03203125 0.11484375
3 0.28125 0.3328125 0.0390625 0.11796875
3 0.39296875 0.25625 0.0453125 0.08984375
1 0.45 0.24296875 0.01015625 0.015625
3 0.10625 0.33203125 0.04296875 0.0984375
3 0.228125 0.69375 0.05703125 0.128125