3 0.2140625 0.37265625 0.0203125 0.08203125
3 0.43125 0.196875 0.015625 0.065625
3 0.42109375 0.5796875 0.0265625 0.109375
3 0.47265625 0.2625 0.0234375 0.06640625
3 0.2359375 0.315625 0.02578125 0.0765625
3 0.428125 0.33515625 0.02109375 0.06796875
3 0.2796875 0.27421875 0.01953125 0.06796875
3 0.121875 0.459375 0.02578125 0.09609375
3 0.5984375 0.34296875 0.01796875 0.06640625
3 0.309375 0.35703125 0.025 0.078125
3 0.84375 0.29765625 0.01953125 0.0765625
3 0.29375 0.528125 0.02578125 0.09453125
1 0.8171875 0.55859375 0.01015625 0.01640625
3 0.8375 0.509375 0.02265625 0.0875
3 0.4125 0.509375 0.02265625 0.08359375
3 0.6171875 0.4 0.021875 0.075
3 0.203125 0.6703125 0.03046875 0.12109375
3 0.7703125 0.72109375 0.0328125 0.11953125
3 0.40390625 0.41328125 0.0203125 0.07890625
3 0.16484375 0.89453125 0.0453125 0.128125
3 0.378125 0.15625 0.0140625 0.05703125