3 0.1953125 0.3296875 0.01484375 0.06796875
3 0.10234375 0.396875 0.01875 0.075
3 0.5453125 0.70859375 0.028125 0.10859375
3 0.0484375 0.575 0.02578125 0.09140625
2 0.2484375 0.228125 0.0125 0.05
1 0.4984375 0.43203125 0.00625 0.0109375
3 0.4859375 0.403125 0.01796875 0.0734375
3 0.53046875 0.6234375 0.015625 0.0890625
3 0.49375 0.465625 0.01328125 0.053125
3 0.490625 0.5125 0.0203125 0.08359375
3 0.21328125 0.4125 0.01875 0.075
3 0.23125 0.45234375 0.01484375 0.084375
3 0.06953125 0.471875 0.01875 0.0859375
3 0.5046875 0.32578125 0.01328125 0.065625
3 0.934375 0.409375 0.01484375 0.078125
3 0.509375 0.696875 0.0234375 0.1140625
2 0.7125 0.515625 0.02421875 0.0859375
3 0.4859375 0.334375 0.01328125 0.059375
3 0.353125 0.36484375 0.01796875 0.06796875
3 0.5125 0.49921875 0.01796875 0.08203125
3 0.684375 0.415625 0.01328125 0.078125
3 0.5921875 0.2546875 0.01796875 0.05390625