3 0.45703125 0.6765625 0.02890625 0.121875
3 0.7859375 0.3171875 0.02109375 0.07890625
3 0.40859375 0.20625 0.02109375 0.06328125
3 0.87109375 0.42265625 0.03125 0.096875
3 0.84296875 0.328125 0.02109375 0.08515625
3 0.8296875 0.91015625 0.0453125 0.15703125
3 0.55625 0.47265625 0.02890625 0.09921875
3 0.7734375 0.61953125 0.0375 0.12109375
3 0.92734375 0.759375 0.0328125 0.13359375
1 0.33203125 0.25 0.00859375 0.01484375
3 0.5203125 0.39765625 0.02734375 0.096875
3 0.5640625 0.29609375 0.0171875 0.07421875
3 0.11796875 0.178125 0.01875 0.06640625
3 0.2625 0.6140625 0.03359375 0.1234375
3 0.915625 0.4828125 0.02421875 0.09375
3 0.90390625 0.55859375 0.03046875 0.109375
3 0.2421875 0.50234375 0.028125 0.10078125
3 0.4125 0.371875 0.0265625 0.07578125