3 0.815625 0.22578125 0.02109375 0.08203125
3 0.56484375 0.403125 0.028125 0.103125
3 0.35234375 0.58671875 0.0421875 0.11640625
3 0.67421875 0.22109375 0.01953125 0.084375
3 0.57734375 0.546875 0.04921875 0.13359375
3 0.2515625 0.30859375 0.02265625 0.09296875
3 0.40546875 0.18515625 0.02421875 0.078125
3 0.9859375 0.18046875 0.01796875 0.09296875
3 0.359375 0.41015625 0.03203125 0.090625
3 0.61640625 0.21484375 0.02109375 0.08515625
3 0.2109375 0.1640625 0.0296875 0.0796875
1 0.42421875 0.60703125 0.009375 0.01953125
3 0.45078125 0.1640625 0.02265625 0.07421875
3 0.55625 0.2015625 0.01640625 0.0890625
3 0.42265625 0.571875 0.04296875 0.1109375
3 0.7296875 0.534375 0.04140625 0.11171875
3 0.765625 0.265625 0.02578125 0.090625