3 0.528125 0.67109375 0.03046875 0.1109375
3 0.215625 0.25078125 0.02109375 0.0703125
3 0.84921875 0.44609375 0.02109375 0.08125
3 0.809375 0.38828125 0.01328125 0.075
3 0.57421875 0.365625 0.02109375 0.07109375
3 0.9796875 0.67421875 0.02578125 0.10625
3 0.5140625 0.42109375 0.0234375 0.07578125
3 0.828125 0.590625 0.02578125 0.10390625
3 0.7109375 0.309375 0.01796875 0.07421875
3 0.6234375 0.28984375 0.01875 0.0703125
3 0.75 0.33984375 0.02265625 0.078125
3 0.23515625 0.325 0.0234375 0.06640625
3 0.22890625 0.4546875 0.025 0.08671875
3 0.6109375 0.290625 0.0109375 0.06875
3 0.48046875 0.38046875 0.01953125 0.0796875
3 0.06171875 0.51484375 0.02734375 0.1015625
3 0.41484375 0.33671875 0.01796875 0.0734375
3 0.81796875 0.396875 0.02109375 0.08203125
3 0.99140625 0.575 0.01484375 0.10703125
3 0.81640625 0.478125 0.02578125 0.09140625
1 0.37734375 0.315625 0.00859375 0.0140625
3 0.84453125 0.26796875 0.01953125 0.05703125