3 0.9265625 0.7046875 0.03046875 0.1015625
3 0.51875 0.25546875 0.01640625 0.0609375
3 0.36015625 0.27265625 0.021875 0.065625
3 0.4015625 0.2921875 0.01953125 0.0625
3 0.55234375 0.36171875 0.021875 0.06796875
3 0.35859375 0.48046875 0.028125 0.08046875
1 0.56328125 0.79765625 0.0125 0.02109375
3 0.3171875 0.73515625 0.03046875 0.1015625
3 0.8859375 0.29453125 0.01953125 0.06640625
3 0.33203125 0.53046875 0.021875 0.08359375
3 0.16796875 0.6765625 0.03125 0.1
3 0.6828125 0.16015625 0.0234375 0.059375
3 0.1671875 0.58671875 0.02734375 0.084375
3 0.3828125 0.60859375 0.03671875 0.075
3 0.40859375 0.434375 0.025 0.0765625
3 0.10078125 0.20234375 0.0171875 0.07109375
3 0.4078125 0.68046875 0.03671875 0.09140625
3 0.4125 0.77890625 0.03359375 0.096875
3 0.4484375 0.203125 0.01796875 0.05546875
3 0.5609375 0.034375 0.01640625 0.04453125
3 0.240625 0.3703125 0.02265625 0.06796875
3 0.490625 0.75546875 0.0390625 0.08046875
3 0.2609375 0.38046875 0.01953125 0.071875