3 0.67734375 0.56484375 0.04765625 0.1203125
3 0.115625 0.3703125 0.0296875 0.12578125
3 0.8875 0.45546875 0.0328125 0.11640625
3 0.01171875 0.3546875 0.0234375 0.10625
3 0.05 0.775 0.0484375 0.159375
3 0.86015625 0.5734375 0.03515625 0.134375
3 0.85859375 0.64296875 0.04453125 0.16015625
3 0.4375 0.3296875 0.03046875 0.10703125
3 0.6328125 0.44296875 0.040625 0.11875
3 0.50234375 0.53671875 0.0484375 0.134375
3 0.40390625 0.36484375 0.0375 0.109375
3 0.52734375 0.80390625 0.040625 0.17421875
3 0.5296875 0.465625 0.02890625 0.128125
1 0.38125 0.3609375 0.009375 0.01875
3 0.38984375 0.31328125 0.03515625 0.10078125
3 0.665625 0.47421875 0.02890625 0.11640625
3 0.79609375 0.70546875 0.046875 0.1515625