3 0.53125 0.3375 0.02734375 0.1
3 0.6828125 0.421875 0.0359375 0.10390625
3 0.334375 0.51875 0.046875 0.12109375
3 0.5578125 0.31796875 0.03515625 0.09453125
2 0.8375 0.6578125 0.03671875 0.1375
3 0.571875 0.61640625 0.03203125 0.125
2 0.57734375 0.1578125 0.01875 0.0734375
3 0.72109375 0.39140625 0.0453125 0.1
3 0.56796875 0.5828125 0.025 0.065625
1 0.66171875 0.46484375 0.0109375 0.02109375
3 0.2671875 0.7171875 0.05078125 0.14609375
3 0.82890625 0.20078125 0.034375 0.084375
3 0.40390625 0.36171875 0.0375 0.10390625