3 0.9109375 0.34140625 0.034375 0.1140625
2 0.43359375 0.6203125 0.040625 0.11796875
3 0.58359375 0.5515625 0.040625 0.10859375
3 0.3734375 0.671875 0.04140625 0.125
3 0.940625 0.83515625 0.04609375 0.1765625
3 0.45625 0.203125 0.03046875 0.078125
3 0.784375 0.4609375 0.03359375 0.10546875
3 0.1578125 0.31015625 0.03515625 0.08203125
3 0.54453125 0.434375 0.040625 0.0609375
3 0.78984375 0.365625 0.0359375 0.08203125
3 0.3484375 0.36796875 0.03203125 0.09453125
3 0.01875 0.44296875 0.03515625 0.096875
3 0.4421875 0.3578125 0.0390625 0.090625
1 0.30625 0.415625 0.01171875 0.01953125
3 0.984375 0.26171875 0.02421875 0.09609375
3 0.1078125 0.45 0.03515625 0.10859375