3 0.575 0.1078125 0.0140625 0.05390625
1 0.63984375 0.70078125 0.0109375 0.02109375
3 0.81015625 0.334375 0.021875 0.07109375
3 0.275 0.31640625 0.01875 0.046875
3 0.6203125 0.22890625 0.01796875 0.0609375
3 0.53125 0.31796875 0.01796875 0.06953125
3 0.62890625 0.38828125 0.0203125 0.07109375
3 0.425 0.209375 0.01796875 0.065625
3 0.3140625 0.153125 0.01484375 0.02890625
3 0.36953125 0.58125 0.0234375 0.0875
3 0.7859375 0.1640625 0.01875 0.06640625
3 0.659375 0.76640625 0.040625 0.09453125
3 0.26875 0.35546875 0.02265625 0.0640625
3 0.5109375 0.23203125 0.01640625 0.05859375
3 0.3375 0.09765625 0.0140625 0.05390625
3 0.353125 0.1328125 0.01640625 0.0515625
3 0.396875 0.0359375 0.01328125 0.046875
3 0.31015625 0.1765625 0.0140625 0.028125
3 0.47734375 0.06015625 0.0125 0.05390625
3 0.3140625 0.21015625 0.015625 0.05703125
3 0.2859375 0.35859375 0.01953125 0.06640625
3 0.38125 0.33984375 0.0203125 0.06796875
3 0.265625 0.26328125 0.02265625 0.07109375