1 0.14453125 0.3203125 0.01484375 0.0203125
3 0.9328125 0.62421875 0.0359375 0.13203125
3 0.81171875 0.3296875 0.02734375 0.090625
3 0.7453125 0.2453125 0.02109375 0.0796875
3 0.63125 0.27109375 0.0171875 0.08828125
3 0.553125 0.49921875 0.0265625 0.11015625
3 0.04296875 0.4953125 0.03671875 0.121875
3 0.5328125 0.3734375 0.02890625 0.09453125
3 0.83515625 0.9171875 0.04296875 0.16171875
3 0.5828125 0.4515625 0.02578125 0.109375
2 0.03125 0.15078125 0.0203125 0.0765625
3 0.26015625 0.42265625 0.02890625 0.11015625
2 0.54921875 0.29375 0.02109375 0.0859375
3 0.8359375 0.36640625 0.02109375 0.0953125
3 0.45234375 0.2828125 0.02578125 0.08828125
3 0.45625 0.25 0.01796875 0.071875
3 0.35546875 0.25078125 0.02421875 0.0765625
3 0.8125 0.4109375 0.025 0.10078125
3 0.0890625 0.303125 0.03515625 0.0796875
3 0.4703125 0.16484375 0.02109375 0.06640625
3 0.22578125 0.3734375 0.02421875 0.09609375