3 0.5234375 0.83515625 0.03125 0.1734375
3 0.78515625 0.43515625 0.03125 0.0984375
3 0.08203125 0.4421875 0.025 0.1125
3 0.15703125 0.65546875 0.0296875 0.125
3 0.5984375 0.6421875 0.02890625 0.13203125
3 0.6953125 0.6765625 0.03671875 0.128125
1 0.65625 0.61796875 0.01328125 0.021875
3 0.04375 0.778125 0.04453125 0.14296875
3 0.3921875 0.784375 0.03671875 0.15703125
3 0.2390625 0.9640625 0.0375 0.071875
3 0.1734375 0.29921875 0.02265625 0.10703125
3 0.5625 0.2890625 0.021875 0.09140625
3 0.03203125 0.53984375 0.0390625 0.12109375