3 0.46640625 0.37109375 0.021875 0.0890625
3 0.5953125 0.53359375 0.0421875 0.071875
3 0.3359375 0.42734375 0.03046875 0.0875
3 0.1046875 0.36875 0.025 0.0875
3 0.3015625 0.453125 0.03671875 0.09453125
3 0.63828125 0.49921875 0.0328125 0.06796875
3 0.721875 0.4265625 0.0296875 0.09453125
3 0.26875 0.6453125 0.03984375 0.1234375
1 0.65625 0.571875 0.01015625 0.01953125
3 0.0921875 0.76328125 0.03828125 0.12890625
3 0.696875 0.29296875 0.03359375 0.078125
3 0.28125 0.5046875 0.02421875 0.04296875
3 0.5765625 0.62421875 0.03984375 0.115625
3 0.7578125 0.178125 0.01953125 0.07109375
3 0.51953125 0.67890625 0.0359375 0.1140625
3 0.2796875 0.8046875 0.04765625 0.12109375
3 0.2875 0.55703125 0.02265625 0.103125
3 0.86328125 0.7046875 0.0484375 0.1265625
3 0.2265625 0.890625 0.0546875 0.13359375
3 0.3625 0.65546875 0.03984375 0.121875