3 0.01484375 0.3609375 0.025 0.096875
1 0.26015625 0.7890625 0.01328125 0.02421875
3 0.73125 0.38828125 0.02890625 0.08671875
3 0.1671875 0.8390625 0.040625 0.14453125
3 0.69375 0.95390625 0.03984375 0.0859375
3 0.5984375 0.16015625 0.015625 0.05703125
3 0.2578125 0.13359375 0.02265625 0.0609375
3 0.15859375 0.5765625 0.03203125 0.11171875
3 0.275 0.94296875 0.0359375 0.10625
3 0.17578125 0.1953125 0.021875 0.0703125
3 0.3640625 0.2390625 0.01796875 0.07890625
3 0.44140625 0.2375 0.01953125 0.0734375
3 0.19921875 0.59375 0.02734375 0.09609375
3 0.2453125 0.384375 0.02421875 0.08359375
3 0.59453125 0.3765625 0.025 0.08828125
3 0.84453125 0.28671875 0.02109375 0.07890625
3 0.2484375 0.4453125 0.03125 0.08515625
3 0.71953125 0.47578125 0.02890625 0.1
3 0.6484375 0.496875 0.03046875 0.103125
3 0.690625 0.7625 0.03671875 0.12890625
3 0.33671875 0.34375 0.02265625 0.08046875