3 0.57265625 0.690625 0.0265625 0.11875
3 0.96640625 0.83671875 0.04296875 0.1390625
3 0.9296875 0.23671875 0.01640625 0.0703125
3 0.95 0.41328125 0.02578125 0.0953125
3 0.11328125 0.64453125 0.03359375 0.1140625
1 0.14921875 0.4765625 0.01015625 0.0203125
3 0.340625 0.47421875 0.03359375 0.1015625
3 0.740625 0.93046875 0.040625 0.1390625
3 0.68046875 0.54921875 0.02421875 0.10078125
3 0.08984375 0.29609375 0.01875 0.0796875
3 0.51796875 0.6421875 0.02734375 0.1265625
3 0.50390625 0.390625 0.034375 0.0796875
3 0.79921875 0.45390625 0.028125 0.0859375
3 0.984375 0.6015625 0.03046875 0.10625
3 0.7046875 0.1359375 0.0171875 0.053125
3 0.52578125 0.3484375 0.01640625 0.07890625
3 0.81171875 0.228125 0.01640625 0.06796875
3 0.16015625 0.61953125 0.02890625 0.11171875