3 0.575 0.46796875 0.02109375 0.09140625
3 0.37109375 0.6796875 0.02734375 0.11875
1 0.3421875 0.36796875 0.00859375 0.01484375
3 0.3046875 0.34453125 0.02421875 0.0703125
3 0.3640625 0.54609375 0.02421875 0.09375
3 0.6625 0.703125 0.02734375 0.12578125
3 0.94765625 0.68515625 0.02421875 0.11328125
3 0.69609375 0.62109375 0.02578125 0.10625
3 0.41015625 0.41953125 0.02109375 0.08125
3 0.2703125 0.515625 0.02109375 0.08984375
3 0.48125 0.38671875 0.02109375 0.07890625
3 0.48046875 0.31796875 0.01640625 0.06796875
3 0.60859375 0.44921875 0.02109375 0.08828125
3 0.6921875 0.41171875 0.02421875 0.08671875
3 0.565625 0.33359375 0.0203125 0.08046875
3 0.565625 0.4484375 0.0171875 0.0859375
3 0.78046875 0.48359375 0.02421875 0.09921875
3 0.74765625 0.49609375 0.02109375 0.0890625