3 0.353125 0.64375 0.03046875 0.1015625
3 0.6140625 0.26484375 0.02265625 0.0625
3 0.34765625 0.9765625 0.0328125 0.046875
3 0.990625 0.39453125 0.01875 0.0640625
3 0.38828125 0.19140625 0.0203125 0.0609375
3 0.71171875 0.175 0.0203125 0.05546875
3 0.56953125 0.5640625 0.0328125 0.0890625
3 0.8515625 0.23515625 0.02265625 0.06796875
3 0.9359375 0.378125 0.03046875 0.0765625
3 0.26796875 0.66015625 0.03125 0.09609375
3 0.271875 0.73125 0.02421875 0.0875
3 0.36484375 0.3671875 0.025 0.07890625
3 0.440625 0.2671875 0.0203125 0.065625
3 0.6359375 0.3671875 0.021875 0.07109375
3 0.921875 0.30546875 0.02734375 0.08046875
3 0.5734375 0.39453125 0.02421875 0.08046875
3 0.7953125 0.87578125 0.04453125 0.140625
1 0.4359375 0.6578125 0.01328125 0.02109375
3 0.1046875 0.3046875 0.02421875 0.07890625
3 0.9203125 0.74453125 0.03203125 0.1140625
3 0.2703125 0.540625 0.02578125 0.09609375
3 0.53828125 0.471875 0.028125 0.084375