3 0.31875 0.20078125 0.015625 0.0515625
3 0.48203125 0.11171875 0.0140625 0.05703125
3 0.57265625 0.1484375 0.0140625 0.05546875
1 0.6953125 0.56328125 0.009375 0.01796875
3 0.609375 0.259375 0.01640625 0.0640625
3 0.4328125 0.234375 0.0171875 0.065625
3 0.290625 0.35078125 0.015625 0.0625
3 0.28515625 0.2921875 0.01875 0.065625
3 0.325 0.3671875 0.01875 0.06796875
3 0.4046875 0.09375 0.0125 0.04609375
3 0.37109375 0.171875 0.01875 0.05546875
3 0.3046875 0.36640625 0.021875 0.06640625
3 0.409375 0.3453125 0.01875 0.065625
3 0.51640625 0.25390625 0.015625 0.0609375
3 0.3328125 0.234375 0.01796875 0.065625
3 0.7890625 0.2078125 0.0171875 0.065625
3 0.5703125 0.32734375 0.01953125 0.065625
3 0.321875 0.13828125 0.01484375 0.0515625
3 0.6390625 0.40234375 0.02109375 0.07109375
3 0.3265625 0.5359375 0.02265625 0.078125
3 0.66875 0.75546875 0.0296875 0.09453125
3 0.7734375 0.3609375 0.025 0.071875
3 0.32734375 0.23984375 0.01875 0.065625