3 0.43125 0.1703125 0.01953125 0.0796875
3 0.53984375 0.2734375 0.025 0.09296875
3 0.55234375 0.44453125 0.02109375 0.10546875
3 0.7046875 0.28359375 0.02578125 0.09921875
3 0.53359375 0.496875 0.02578125 0.11015625
3 0.19765625 0.14921875 0.0171875 0.07890625
3 0.4875 0.21328125 0.01796875 0.078125
3 0.73671875 0.21640625 0.021875 0.090625
3 0.4984375 0.28125 0.02265625 0.08203125
3 0.3203125 0.35625 0.0265625 0.09296875
3 0.04453125 0.096875 0.02421875 0.07421875
3 0.5828125 0.27421875 0.0234375 0.08828125
1 0.809375 0.29453125 0.01171875 0.02109375
3 0.63359375 0.1234375 0.02109375 0.0703125
3 0.28984375 0.1328125 0.02109375 0.0765625