3 0.5609375 0.26171875 0.0359375 0.096875
3 0.45703125 0.3625 0.03515625 0.096875
3 0.615625 0.5265625 0.03828125 0.128125
3 0.709375 0.7734375 0.0421875 0.14375
3 0.05 0.5609375 0.04453125 0.146875
3 0.5125 0.665625 0.05078125 0.14453125
3 0.4484375 0.44609375 0.0328125 0.05078125
3 0.5015625 0.38203125 0.03828125 0.11328125
3 0.2203125 0.309375 0.03515625 0.10625
3 0.72265625 0.65703125 0.03671875 0.15546875
3 0.5828125 0.30625 0.04453125 0.0890625
3 0.41953125 0.49296875 0.034375 0.10703125
3 0.4484375 0.32578125 0.040625 0.103125
3 0.9140625 0.04609375 0.03203125 0.07578125
1 0.5828125 0.57578125 0.01171875 0.0234375
3 0.42109375 0.54609375 0.05234375 0.125