3 0.5125 0.859375 0.03359375 0.11953125
3 0.53125 0.609375 0.02109375 0.08203125
3 0.69765625 0.6375 0.02421875 0.09375
3 0.80625 0.55546875 0.01953125 0.0890625
3 0.26328125 0.7015625 0.02265625 0.10390625
1 0.43203125 0.54765625 0.00859375 0.01796875
3 0.44140625 0.64296875 0.02421875 0.08984375
3 0.36484375 0.921875 0.0359375 0.121875
3 0.15 0.35859375 0.01796875 0.06328125
3 0.65234375 0.87734375 0.028125 0.11796875
3 0.91484375 0.90859375 0.028125 0.12578125
3 0.48046875 0.42421875 0.03125 0.06484375
3 0.37890625 0.53359375 0.02890625 0.078125
3 0.42109375 0.53359375 0.028125 0.0765625
3 0.72265625 0.5796875 0.021875 0.0890625
3 0.975 0.31171875 0.015625 0.0609375
3 0.415625 0.6390625 0.02109375 0.10078125
3 0.371875 0.45234375 0.02109375 0.06953125
3 0.74296875 0.71171875 0.02421875 0.10703125
3 0.54296875 0.73984375 0.0234375 0.10390625
3 0.4984375 0.35390625 0.0171875 0.0515625