3 0.3125 0.43828125 0.01953125 0.08203125
3 0.49375 0.29609375 0.01796875 0.06953125
3 0.02421875 0.4703125 0.0328125 0.090625
3 0.828125 0.6421875 0.02578125 0.10390625
3 0.71484375 0.45703125 0.028125 0.0859375
3 0.3375 0.4890625 0.01875 0.08359375
3 0.221875 0.48828125 0.0265625 0.09296875
3 0.225 0.58125 0.02578125 0.09609375
3 0.16484375 0.36875 0.01875 0.07890625
3 0.43671875 0.4953125 0.025 0.09296875
3 0.3578125 0.6953125 0.04140625 0.0984375
1 0.3265625 0.48671875 0.00859375 0.01796875
3 0.81640625 0.40390625 0.025 0.1140625
3 0.30703125 0.3765625 0.0265625 0.06640625
3 0.3109375 0.53359375 0.0234375 0.09453125
3 0.04375 0.43828125 0.021875 0.084375
3 0.53125 0.8953125 0.04921875 0.134375
3 0.321875 0.25 0.02421875 0.05859375
3 0.428125 0.3078125 0.02265625 0.06796875
3 0.34609375 0.16015625 0.015625 0.0484375