3 0.953125 0.1796875 0.02734375 0.0796875
3 0.0234375 0.46328125 0.040625 0.09921875
3 0.52109375 0.24921875 0.0234375 0.08828125
1 0.31171875 0.509375 0.0140625 0.01875
3 0.85625 0.80390625 0.04375 0.13125
3 0.3125 0.33046875 0.0265625 0.08203125
3 0.9078125 0.31953125 0.03359375 0.08984375
3 0.44609375 0.09765625 0.02109375 0.08984375
3 0.57578125 0.45078125 0.04296875 0.10859375
3 0.8125 0.2359375 0.0203125 0.0890625
3 0.32265625 0.403125 0.046875 0.084375
3 0.6109375 0.56484375 0.02890625 0.1015625
3 0.88125 0.38125 0.04296875 0.10703125
3 0.1796875 0.7421875 0.0234375 0.04375
3 0.75625 0.35625 0.03046875 0.1046875
3 0.52109375 0.4453125 0.02890625 0.1109375