3 0.87578125 0.2546875 0.02734375 0.09296875
3 0.325 0.30390625 0.02421875 0.08359375
3 0.23359375 0.16796875 0.028125 0.07890625
3 0.46328125 0.40703125 0.02265625 0.08515625
3 0.4859375 0.40390625 0.04140625 0.096875
3 0.96796875 0.4765625 0.03671875 0.11640625
3 0.94765625 0.38046875 0.0375 0.12109375
3 0.740625 0.37578125 0.02734375 0.10390625
3 0.20625 0.378125 0.03203125 0.1
3 0.63046875 0.4375 0.02890625 0.11015625
1 0.40546875 0.44296875 0.01171875 0.02109375
3 0.78125 0.53828125 0.03359375 0.128125
3 0.56328125 0.33828125 0.02890625 0.096875
3 0.4578125 0.2328125 0.03203125 0.09375
3 0.24765625 0.53515625 0.03515625 0.11328125
3 0.73828125 0.30859375 0.02578125 0.1