3 0.2796875 0.41953125 0.01484375 0.11796875
3 0.509375 0.42890625 0.021875 0.10859375
3 0.53828125 0.63671875 0.03359375 0.13828125
3 0.76015625 0.5859375 0.02890625 0.11328125
3 0.5875 0.4265625 0.01796875 0.10859375
3 0.3328125 0.5609375 0.03359375 0.121875
3 0.278125 0.359375 0.01953125 0.0359375
3 0.63359375 0.428125 0.01953125 0.121875
3 0.44609375 0.221875 0.034375 0.10625
3 0.3015625 0.421875 0.01796875 0.1203125
3 0.615625 0.4234375 0.01953125 0.11953125
3 0.84609375 0.43359375 0.02109375 0.115625
1 0.6359375 0.62109375 0.01328125 0.02109375
3 0.53125 0.42578125 0.02265625 0.11640625
3 0.59296875 0.525 0.02890625 0.11328125
3 0.8078125 0.4390625 0.03046875 0.08671875
3 0.33046875 0.43125 0.03125 0.10703125
3 0.63828125 0.884375 0.03828125 0.13125
3 0.6 0.42421875 0.01484375 0.11171875
3 0.546875 0.43125 0.021875 0.11015625
3 0.37265625 0.4265625 0.025 0.1109375
3 0.41875 0.4234375 0.02265625 0.11640625
3 0.57109375 0.4265625 0.02109375 0.11484375