3 0.1109375 0.6578125 0.02734375 0.090625
3 0.3828125 0.34921875 0.02265625 0.05703125
3 0.8859375 0.8109375 0.02734375 0.1109375
3 0.42578125 0.7171875 0.0203125 0.084375
3 0.49765625 0.50625 0.0203125 0.0734375
3 0.21640625 0.91640625 0.0296875 0.10859375
3 0.51875 0.296875 0.01484375 0.046875
3 0.2609375 0.68125 0.02578125 0.084375
3 0.44140625 0.4765625 0.01875 0.06953125
3 0.68046875 0.69453125 0.0234375 0.096875
3 0.65390625 0.44140625 0.0140625 0.04140625
3 0.81484375 0.4234375 0.01875 0.06953125
1 0.3890625 0.37265625 0.00625 0.009375
3 0.19453125 0.26796875 0.015625 0.04140625
3 0.2046875 0.4625 0.01796875 0.071875
3 0.6515625 0.8296875 0.02734375 0.0984375
3 0.6609375 0.5109375 0.01953125 0.06953125
3 0.70390625 0.3359375 0.015625 0.05859375
3 0.91328125 0.59765625 0.0234375 0.0875
3 0.6625 0.465625 0.01484375 0.034375
3 0.575 0.39296875 0.01796875 0.05859375