0 0.31953125 0.2890625 0.0296875 0.08046875
3 0.2109375 0.65234375 0.02734375 0.134375
3 0.1609375 0.6578125 0.03359375 0.12890625
3 0.575 0.4640625 0.025 0.10859375
3 0.4 0.76328125 0.03125 0.10390625
3 0.68046875 0.284375 0.0171875 0.084375
3 0.365625 0.76484375 0.04140625 0.134375
3 0.5921875 0.34921875 0.02265625 0.090625
3 0.38984375 0.465625 0.0328125 0.1125
2 0.9078125 0.1484375 0.0234375 0.071875
3 0.715625 0.5125 0.02890625 0.103125
3 0.8359375 0.35078125 0.0265625 0.0984375
2 0.38984375 0.59140625 0.0390625 0.11640625
3 0.3375 0.4984375 0.02421875 0.11953125
3 0.4890625 0.5015625 0.0234375 0.11640625
3 0.79375 0.35625 0.02109375 0.090625
3 0.66171875 0.3234375 0.01875 0.09140625
3 0.64375 0.37109375 0.01875 0.096875
1 0.4078125 0.82890625 0.021875 0.0390625