3 0.7234375 0.22109375 0.015625 0.0609375
3 0.7953125 0.50859375 0.02265625 0.08359375
3 0.6125 0.90859375 0.03203125 0.103125
3 0.0203125 0.334375 0.02265625 0.071875
3 0.528125 0.5203125 0.03203125 0.084375
3 0.45625 0.434375 0.02578125 0.06796875
3 0.05625 0.09921875 0.01328125 0.04609375
3 0.5671875 0.23125 0.01953125 0.05703125
3 0.2828125 0.34296875 0.01953125 0.06953125
3 0.159375 0.21875 0.02265625 0.05703125
3 0.55234375 0.640625 0.025 0.1015625
3 0.3421875 0.5859375 0.025 0.08359375
3 0.0390625 0.4078125 0.02109375 0.0765625
3 0.5609375 0.32890625 0.01953125 0.0640625
1 0.625 0.4125 0.00859375 0.0140625
3 0.2453125 0.228125 0.01875 0.059375
3 0.3546875 0.121875 0.0171875 0.0515625
3 0.2296875 0.4984375 0.0296875 0.08359375