3 0.3078125 0.334375 0.02734375 0.08046875
3 0.57578125 0.51796875 0.028125 0.10546875
3 0.5171875 0.12734375 0.01796875 0.0625
3 0.1609375 0.553125 0.0296875 0.10703125
3 0.6515625 0.459375 0.03046875 0.0984375
3 0.85234375 0.475 0.028125 0.096875
3 0.5921875 0.8765625 0.0453125 0.153125
3 0.7015625 0.59375 0.02890625 0.12109375
3 0.17109375 0.44140625 0.040625 0.0890625
3 0.5546875 0.7953125 0.03203125 0.1375
1 0.7359375 0.4265625 0.0078125 0.0140625
3 0.384375 0.275 0.02890625 0.071875
3 0.93203125 0.28671875 0.0296875 0.07890625
3 0.5390625 0.3671875 0.0203125 0.084375
3 0.73203125 0.4015625 0.03125 0.09140625
3 0.6015625 0.346875 0.02109375 0.08359375
3 0.80625 0.26484375 0.02890625 0.0765625
3 0.1625 0.85546875 0.0390625 0.15
3 0.35546875 0.3453125 0.0203125 0.090625