3 0.35 0.37109375 0.02421875 0.08046875
3 0.0734375 0.87265625 0.03984375 0.15703125
3 0.33515625 0.365625 0.0203125 0.0984375
3 0.4875 0.384375 0.02578125 0.0875
3 0.53984375 0.153125 0.0203125 0.059375
3 0.740625 0.3890625 0.03984375 0.0890625
3 0.11875 0.5609375 0.02421875 0.1109375
3 0.7203125 0.2484375 0.01953125 0.078125
3 0.25390625 0.44140625 0.03125 0.09140625
3 0.571875 0.49296875 0.02578125 0.1
3 0.76171875 0.3078125 0.028125 0.07890625
3 0.48359375 0.80078125 0.040625 0.15390625
1 0.7234375 0.42109375 0.009375 0.01640625
3 0.53125 0.78046875 0.03046875 0.11953125
3 0.6046875 0.4875 0.03046875 0.1
3 0.5953125 0.325 0.03046875 0.06953125
3 0.671875 0.59921875 0.0328125 0.12109375
3 0.44296875 0.275 0.0171875 0.075
3 0.87421875 0.45390625 0.03125 0.103125