3 0.0734375 0.31171875 0.01875 0.065625
3 0.52421875 0.39609375 0.028125 0.06640625
3 0.87578125 0.696875 0.0265625 0.10390625
3 0.38125 0.38359375 0.02421875 0.0609375
3 0.565625 0.446875 0.02734375 0.0765625
3 0.61171875 0.76328125 0.0265625 0.10703125
3 0.95 0.75546875 0.02890625 0.10859375
3 0.4171875 0.3484375 0.0171875 0.0640625
3 0.76015625 0.41640625 0.028125 0.08046875
3 0.86875 0.59375 0.03203125 0.09296875
1 0.4984375 0.346875 0.00546875 0.0125
3 0.428125 0.496875 0.02109375 0.084375
3 0.215625 0.64453125 0.025 0.09453125
3 0.35 0.434375 0.01953125 0.0734375
3 0.30703125 0.70078125 0.0234375 0.09609375
3 0.6609375 0.34296875 0.021875 0.071875
3 0.08671875 0.47421875 0.0234375 0.084375
3 0.49453125 0.3203125 0.021875 0.059375
3 0.62578125 0.61484375 0.0296875 0.0984375
3 0.09140625 0.878125 0.028125 0.115625
3 0.6234375 0.4640625 0.02109375 0.075