3 0.92578125 0.3015625 0.04765625 0.171875
3 0.634375 0.44375 0.03984375 0.17109375
3 0.9859375 0.1421875 0.028125 0.15859375
3 0.3453125 0.44140625 0.046875 0.17890625
3 0.80703125 0.3890625 0.05546875 0.17421875
3 0.09453125 0.40859375 0.06171875 0.1453125
3 0.53671875 0.89765625 0.0578125 0.2046875
3 0.9234375 0.06171875 0.0375 0.1234375
3 0.77734375 0.25390625 0.03984375 0.121875
1 0.47734375 0.2328125 0.01796875 0.025
3 0.2296875 0.08671875 0.0375 0.1109375
3 0.90625 0.29765625 0.028125 0.1640625
3 0.51015625 0.371875 0.059375 0.1703125
3 0.7671875 0.40390625 0.04453125 0.18828125