3 0.2890625 0.396875 0.0203125 0.0765625
3 0.29453125 0.46328125 0.01875 0.0734375
3 0.7671875 0.790625 0.04375 0.090625
3 0.44453125 0.65 0.021875 0.0859375
3 0.5828125 0.446875 0.02109375 0.078125
1 0.8390625 0.709375 0.01015625 0.01953125
3 0.03125 0.31171875 0.0203125 0.0734375
3 0.99375 0.50625 0.01171875 0.05390625
3 0.6953125 0.68984375 0.025 0.1015625
3 0.09375 0.68125 0.03046875 0.1015625
3 0.82109375 0.19921875 0.01875 0.059375
3 0.03125 0.384375 0.02109375 0.07890625
3 0.6625 0.22421875 0.01875 0.059375
3 0.6203125 0.3125 0.0171875 0.06640625
3 0.0640625 0.77421875 0.02421875 0.10703125
3 0.45 0.0828125 0.01171875 0.0515625
3 0.04609375 0.6125 0.028125 0.09140625
3 0.71875 0.015625 0.0109375 0.03046875
3 0.12421875 0.21171875 0.0171875 0.059375
3 0.19921875 0.24375 0.015625 0.0625
3 0.58828125 0.52890625 0.0265625 0.0890625
3 0.1171875 0.53828125 0.0359375 0.07890625