2 0.63359375 0.2953125 0.025 0.08515625
3 0.60546875 0.259375 0.01796875 0.0765625
3 0.4921875 0.2546875 0.02109375 0.08515625
3 0.1328125 0.70625 0.03828125 0.13359375
3 0.0875 0.5421875 0.03359375 0.125
3 0.42109375 0.24140625 0.021875 0.08125
3 0.2984375 0.3921875 0.02578125 0.10078125
3 0.95234375 0.40703125 0.025 0.11171875
3 0.8640625 0.46328125 0.03203125 0.115625
3 0.33125 0.36484375 0.0234375 0.1015625
3 0.7765625 0.24140625 0.02109375 0.08203125
1 0.10390625 0.3125 0.009375 0.015625
3 0.4953125 0.20546875 0.01640625 0.0546875
3 0.50546875 0.1734375 0.01484375 0.06953125
3 0.99453125 0.35625 0.0109375 0.09296875
2 0.178125 0.1390625 0.01875 0.075
3 0.925 0.29765625 0.0203125 0.08828125
3 0.69375 0.31640625 0.03203125 0.08125
3 0.66953125 0.565625 0.03046875 0.13125
3 0.090625 0.28046875 0.0203125 0.08515625