3 0.86015625 0.384375 0.01953125 0.06953125
3 0.23828125 0.5734375 0.02109375 0.08359375
3 0.25625 0.41640625 0.0171875 0.07109375
3 0.5765625 0.41171875 0.01640625 0.06484375
1 0.50078125 0.2984375 0.00625 0.0109375
3 0.55703125 0.3484375 0.01796875 0.05859375
3 0.4921875 0.27109375 0.01171875 0.04453125
3 0.3703125 0.371875 0.01640625 0.06015625
3 0.58359375 0.3578125 0.01484375 0.05859375
3 0.39921875 0.33984375 0.01484375 0.05703125
3 0.23359375 0.434375 0.01875 0.07578125
3 0.7578125 0.73828125 0.02421875 0.096875
3 0.52578125 0.4703125 0.01796875 0.078125
3 0.34375 0.47890625 0.01796875 0.0734375
3 0.2953125 0.25546875 0.01484375 0.0515625
3 0.36328125 0.30546875 0.01484375 0.053125
3 0.38984375 0.51640625 0.02109375 0.07578125
3 0.91328125 0.49453125 0.021875 0.07890625
3 0.27265625 0.3671875 0.01796875 0.06953125
3 0.53125 0.54609375 0.02265625 0.08125
3 0.43359375 0.3359375 0.01640625 0.05078125
3 0.61796875 0.53359375 0.01796875 0.078125
3 0.6515625 0.403125 0.01640625 0.06015625