3 0.396875 0.43125 0.015625 0.06796875
3 0.6171875 0.3015625 0.01484375 0.05
3 0.47265625 0.73515625 0.021875 0.09296875
3 0.940625 0.47265625 0.01796875 0.07109375
3 0.9546875 0.79453125 0.025 0.09140625
1 0.2140625 0.43828125 0.00703125 0.0125
3 0.8265625 0.834375 0.02265625 0.096875
3 0.8703125 0.609375 0.021875 0.0859375
3 0.1984375 0.4140625 0.015625 0.0640625
3 0.6828125 0.37421875 0.01875 0.05703125
3 0.5703125 0.2390625 0.01328125 0.04140625
3 0.35234375 0.79375 0.028125 0.1015625
3 0.528125 0.48359375 0.01953125 0.0640625
3 0.909375 0.653125 0.02109375 0.0859375
3 0.8796875 0.47734375 0.015625 0.06796875