1 0.6359375 0.61953125 0.01640625 0.0265625
3 0.80703125 0.43984375 0.03125 0.09296875
3 0.84609375 0.434375 0.02109375 0.11640625
3 0.41875 0.4234375 0.02265625 0.11796875
3 0.53828125 0.6375 0.03359375 0.13828125
3 0.3703125 0.428125 0.01953125 0.11015625
3 0.58671875 0.428125 0.01640625 0.11328125
3 0.53046875 0.42578125 0.02109375 0.11640625
3 0.54765625 0.43359375 0.021875 0.1140625
3 0.76015625 0.58671875 0.028125 0.1140625
3 0.60078125 0.4125 0.015625 0.084375
3 0.5953125 0.515625 0.03046875 0.115625
3 0.2796875 0.41953125 0.01875 0.121875
3 0.33125 0.42890625 0.02890625 0.11171875
3 0.275 0.36484375 0.0171875 0.05546875
3 0.44921875 0.22265625 0.03125 0.10625
3 0.50859375 0.428125 0.021875 0.11484375
3 0.63828125 0.884375 0.0375 0.134375
3 0.3328125 0.5609375 0.03359375 0.121875
3 0.30234375 0.4234375 0.01953125 0.1203125
3 0.6140625 0.425 0.0171875 0.121875
3 0.63125 0.42734375 0.01953125 0.11796875
3 0.56953125 0.4296875 0.021875 0.11484375