3 0.83984375 0.2984375 0.01953125 0.06171875
3 0.7625 0.378125 0.02265625 0.0734375
3 0.378125 0.33125 0.01796875 0.07578125
3 0.725 0.26640625 0.01796875 0.05546875
3 0.26953125 0.45703125 0.02578125 0.08984375
3 0.66796875 0.72890625 0.0328125 0.125
3 0.878125 0.41953125 0.02890625 0.09140625
3 0.753125 0.32109375 0.02421875 0.08125
1 0.17265625 0.37890625 0.00859375 0.015625
3 0.403125 0.33125 0.02265625 0.071875
3 0.925 0.51953125 0.03203125 0.1015625
3 0.85859375 0.340625 0.02421875 0.07421875
3 0.13203125 0.353125 0.02421875 0.0765625
3 0.9546875 0.3890625 0.02578125 0.08671875
3 0.646875 0.5140625 0.025 0.096875
3 0.22734375 0.57109375 0.03828125 0.09609375
3 0.1953125 0.26328125 0.021875 0.0703125
3 0.8671875 0.26953125 0.01484375 0.06484375