3 0.3796875 0.72421875 0.03203125 0.12109375
3 0.5359375 0.5046875 0.03359375 0.1015625
3 0.340625 0.2640625 0.03203125 0.071875
3 0.0796875 0.928125 0.07265625 0.14296875
3 0.5375 0.33828125 0.03046875 0.08203125
3 0.2359375 0.30625 0.03359375 0.08203125
3 0.2640625 0.3265625 0.02109375 0.078125
3 0.5046875 0.40078125 0.03203125 0.07890625
3 0.0765625 0.32265625 0.02890625 0.07890625
1 0.5640625 0.396875 0.01015625 0.015625
3 0.3421875 0.5234375 0.0421875 0.1109375
3 0.48203125 0.39609375 0.025 0.08046875
3 0.0109375 0.34375 0.021875 0.090625
3 0.16484375 0.503125 0.0359375 0.10859375
3 0.23828125 0.43984375 0.034375 0.09296875