3 0.09140625 0.88125 0.028125 0.109375
3 0.28125 0.33828125 0.01875 0.065625
3 0.1515625 0.9765625 0.03203125 0.046875
3 0.215625 0.696875 0.02578125 0.096875
3 0.028125 0.5921875 0.03046875 0.084375
3 0.19140625 0.9875 0.0421875 0.025
3 0.684375 0.46953125 0.0203125 0.08046875
1 0.6984375 0.4625 0.00859375 0.0140625
3 0.3125 0.509375 0.025 0.08046875
3 0.64921875 0.90859375 0.0265625 0.10859375
3 0.603125 0.6328125 0.02421875 0.0875
3 0.2484375 0.409375 0.01953125 0.071875
3 0.4078125 0.840625 0.02109375 0.103125
3 0.71015625 0.421875 0.01875 0.078125
3 0.4296875 0.63984375 0.02421875 0.09609375
3 0.978125 0.8484375 0.034375 0.103125