3 0.7984375 0.2515625 0.02890625 0.06640625
3 0.815625 0.5109375 0.03671875 0.09453125
3 0.08671875 0.2578125 0.0296875 0.07109375
3 0.99453125 0.240625 0.0109375 0.07109375
3 0.6578125 0.47421875 0.02734375 0.0875
3 0.4984375 0.40625 0.02890625 0.07890625
3 0.63515625 0.20546875 0.0265625 0.05859375
3 0.45625 0.784375 0.03984375 0.1140625
3 0.6296875 0.32421875 0.02578125 0.0765625
1 0.43125 0.79609375 0.009375 0.01640625
3 0.359375 0.54453125 0.0359375 0.0890625
3 0.9125 0.61953125 0.03359375 0.11640625
3 0.94296875 0.4828125 0.0421875 0.09296875
3 0.828125 0.125 0.01328125 0.053125
3 0.5828125 0.51328125 0.046875 0.0875
3 0.56015625 0.30703125 0.0265625 0.071875
3 0.884375 0.3203125 0.03046875 0.065625
3 0.6890625 0.07890625 0.0140625 0.046875
3 0.67421875 0.446875 0.0265625 0.0859375