3 0.709375 0.296875 0.02265625 0.06640625
3 0.8296875 0.57890625 0.01953125 0.08046875
3 0.7703125 0.459375 0.02109375 0.08359375
1 0.29375 0.49453125 0.00859375 0.01640625
3 0.59296875 0.25078125 0.0234375 0.05390625
3 0.4859375 0.3328125 0.01875 0.065625
3 0.5171875 0.390625 0.02578125 0.06796875
3 0.6640625 0.38203125 0.01953125 0.06953125
3 0.74375 0.61796875 0.025 0.0890625
3 0.62578125 0.403125 0.0203125 0.0734375
3 0.5296875 0.32578125 0.0171875 0.065625
3 0.503125 0.36328125 0.01640625 0.05390625
3 0.4765625 0.40625 0.01484375 0.07109375
3 0.2046875 0.615625 0.02265625 0.090625
3 0.65859375 0.453125 0.0203125 0.08359375
3 0.54375 0.37578125 0.01796875 0.07109375
3 0.5640625 0.51015625 0.03046875 0.0765625
3 0.7078125 0.396875 0.01875 0.075
3 0.64609375 0.34140625 0.015625 0.06640625
3 0.38671875 0.3203125 0.021875 0.0625
3 0.4171875 0.478125 0.02109375 0.06640625
3 0.40625 0.45 0.01953125 0.075