3 0.33046875 0.27421875 0.025 0.06953125
3 0.3703125 0.31796875 0.03203125 0.07578125
3 0.07421875 0.2140625 0.01875 0.05859375
3 0.696875 0.36796875 0.02421875 0.071875
3 0.13046875 0.2578125 0.01484375 0.0640625
3 0.76328125 0.61875 0.03203125 0.10703125
3 0.4109375 0.36171875 0.028125 0.06796875
3 0.07734375 0.35234375 0.0234375 0.08046875
3 0.03359375 0.4109375 0.03046875 0.09375
3 0.2703125 0.396875 0.02734375 0.08203125
3 0.253125 0.2828125 0.01640625 0.06171875
3 0.15078125 0.4390625 0.025 0.09375
3 0.60234375 0.39140625 0.025 0.06171875
3 0.121875 0.2734375 0.0125 0.06328125
3 0.4265625 0.40625 0.02734375 0.0765625
3 0.54453125 0.4015625 0.03046875 0.07421875
1 0.67265625 0.3375 0.00859375 0.015625
3 0.43359375 0.35 0.01953125 0.078125
3 0.25 0.33125 0.0265625 0.06640625
3 0.7078125 0.671875 0.06015625 0.103125