3 0.34453125 0.9671875 0.02578125 0.0640625
3 0.71875 0.546875 0.02890625 0.08515625
3 0.221875 0.29140625 0.0171875 0.06875
3 0.4171875 0.425 0.01640625 0.08046875
3 0.4765625 0.33203125 0.015625 0.0765625
3 0.40703125 0.6765625 0.0203125 0.0984375
3 0.87734375 0.47734375 0.02265625 0.084375
1 0.87578125 0.6234375 0.01171875 0.015625
3 0.665625 0.59921875 0.0359375 0.078125
3 0.4015625 0.41875 0.01640625 0.08203125
3 0.0828125 0.58828125 0.021875 0.0875
3 0.4265625 0.68203125 0.0234375 0.10546875
3 0.76484375 0.4828125 0.021875 0.0859375
3 0.2234375 0.53203125 0.02578125 0.08984375
3 0.63984375 0.2453125 0.01484375 0.06015625
3 0.0640625 0.93984375 0.03125 0.11875
3 0.09296875 0.43671875 0.0203125 0.08203125
3 0.871875 0.6703125 0.021875 0.1109375
3 0.16640625 0.36484375 0.01875 0.0734375