3 0.62265625 0.31484375 0.01875 0.07109375
3 0.80625 0.75390625 0.03203125 0.11953125
3 0.3609375 0.334375 0.021875 0.078125
3 0.59609375 0.40390625 0.0265625 0.078125
3 0.4609375 0.12265625 0.01171875 0.0515625
3 0.5921875 0.27578125 0.02421875 0.06796875
1 0.25546875 0.50703125 0.009375 0.01640625
3 0.871875 0.35390625 0.021875 0.08046875
3 0.9484375 0.2515625 0.01875 0.071875
3 0.5890625 0.5078125 0.02734375 0.090625
3 0.23984375 0.46875 0.0234375 0.09609375
3 0.23984375 0.865625 0.0453125 0.13046875
3 0.4359375 0.375 0.02265625 0.08359375
3 0.5859375 0.19609375 0.01640625 0.0609375
3 0.6859375 0.35546875 0.01953125 0.075
3 0.7671875 0.240625 0.01796875 0.06796875
3 0.40625 0.57265625 0.034375 0.10703125
3 0.6265625 0.496875 0.02265625 0.1015625