3 0.68984375 0.37890625 0.02578125 0.11328125
1 0.27109375 0.38828125 0.01015625 0.01875
3 0.3015625 0.64921875 0.03828125 0.140625
3 0.98828125 0.28359375 0.02109375 0.1046875
3 0.384375 0.22890625 0.02578125 0.0859375
3 0.81171875 0.34921875 0.02890625 0.096875
3 0.41015625 0.1421875 0.02578125 0.06953125
3 0.93828125 0.25546875 0.03359375 0.10078125
3 0.44375 0.271875 0.0265625 0.08984375
3 0.4125 0.50703125 0.0484375 0.13125
3 0.8296875 0.55 0.04921875 0.128125
3 0.25078125 0.3515625 0.028125 0.10078125
3 0.82890625 0.25078125 0.03046875 0.08984375
3 0.9234375 0.21328125 0.01953125 0.090625