3 0.58984375 0.3671875 0.028125 0.096875
3 0.55078125 0.51875 0.03359375 0.10078125
3 0.1765625 0.15546875 0.02421875 0.075
3 0.4078125 0.34609375 0.02578125 0.09140625
3 0.553125 0.428125 0.025 0.084375
3 0.56953125 0.3828125 0.02734375 0.08046875
3 0.5375 0.265625 0.02109375 0.078125
3 0.1125 0.715625 0.03203125 0.11640625
3 0.51015625 0.246875 0.02265625 0.0796875
3 0.64140625 0.403125 0.03125 0.09140625
3 0.26875 0.23046875 0.0203125 0.075
3 0.8765625 0.45390625 0.02265625 0.11171875
3 0.10625 0.2171875 0.03671875 0.08828125
3 0.28125 0.33203125 0.03046875 0.0953125
3 0.1375 0.43515625 0.03671875 0.09609375
3 0.5671875 0.21875 0.0203125 0.08203125
1 0.23125 0.45078125 0.0109375 0.01796875
3 0.4875 0.29296875 0.02421875 0.0765625
3 0.309375 0.378125 0.02578125 0.07421875