3 0.13046875 0.29296875 0.028125 0.0890625
3 0.49375 0.31953125 0.02109375 0.0734375
3 0.08515625 0.37890625 0.025 0.0890625
3 0.98984375 0.42421875 0.01796875 0.1015625
3 0.44375 0.53046875 0.02578125 0.11015625
3 0.4203125 0.303125 0.02578125 0.08984375
3 0.49609375 0.2625 0.01953125 0.075
3 0.2234375 0.4265625 0.025 0.109375
3 0.234375 0.25390625 0.01953125 0.090625
3 0.96171875 0.67578125 0.03046875 0.13671875
3 0.09453125 0.29921875 0.02578125 0.08828125
3 0.81328125 0.44921875 0.025 0.109375
3 0.2640625 0.25078125 0.01953125 0.0796875
3 0.05390625 0.20703125 0.0203125 0.07890625
3 0.6171875 0.2484375 0.02578125 0.06015625
3 0.2953125 0.52265625 0.0265625 0.115625
1 0.5921875 0.2546875 0.0078125 0.01640625
3 0.84140625 0.7140625 0.02890625 0.13671875