3 0.2359375 0.41640625 0.01796875 0.08125
3 0.3921875 0.2453125 0.01640625 0.06640625
3 0.1328125 0.2 0.01640625 0.05546875
3 0.653125 0.46796875 0.0265625 0.0765625
3 0.50625 0.59453125 0.025 0.09140625
3 0.77578125 0.5421875 0.01953125 0.09453125
3 0.29140625 0.515625 0.01875 0.08828125
3 0.6921875 0.23671875 0.0140625 0.06015625
3 0.8359375 0.57578125 0.02578125 0.09609375
3 0.9515625 0.46796875 0.0296875 0.0859375
3 0.5453125 0.38984375 0.01796875 0.0828125
3 0.565625 0.384375 0.01796875 0.0796875
3 0.8578125 0.759375 0.02578125 0.1140625
3 0.975 0.575 0.021875 0.09765625
1 0.2703125 0.4484375 0.0078125 0.0140625
3 0.12109375 0.584375 0.03515625 0.1078125
3 0.4484375 0.46796875 0.01953125 0.09140625
3 0.7859375 0.2765625 0.0171875 0.06484375
3 0.8765625 0.3828125 0.02109375 0.08671875
3 0.4828125 0.30078125 0.0140625 0.07109375