3 0.4875 0.428125 0.03046875 0.090625
3 0.26875 0.41015625 0.03046875 0.084375
3 0.48515625 0.2984375 0.025 0.06640625
3 0.946875 0.86328125 0.05546875 0.14296875
3 0.5328125 0.68046875 0.02890625 0.1109375
3 0.7609375 0.79921875 0.05546875 0.12109375
3 0.134375 0.55625 0.03515625 0.109375
3 0.55703125 0.665625 0.0265625 0.1109375
3 0.31953125 0.303125 0.025 0.0765625
3 0.0640625 0.21328125 0.02578125 0.059375
3 0.234375 0.525 0.02265625 0.096875
1 0.7109375 0.70078125 0.01328125 0.01796875
3 0.7703125 0.4953125 0.0375 0.08203125
3 0.27734375 0.678125 0.0390625 0.10859375
3 0.60234375 0.390625 0.0296875 0.07890625
3 0.7515625 0.903125 0.03203125 0.11640625
3 0.4484375 0.325 0.03203125 0.075
3 0.7234375 0.7375 0.04453125 0.121875