3 0.46796875 0.41015625 0.02734375 0.09296875
3 0.27890625 0.4359375 0.02421875 0.09921875
3 0.26796875 0.6 0.025 0.11875
3 0.53125 0.6296875 0.02578125 0.1109375
3 0.33125 0.7109375 0.03828125 0.1234375
3 0.33125 0.7109375 0.03828125 0.1234375
3 0.3921875 0.434375 0.01953125 0.09296875
3 0.903125 0.39453125 0.028125 0.11640625
3 0.53359375 0.43125 0.025 0.09453125
3 0.26796875 0.6 0.025 0.11875
3 0.5859375 0.53125 0.0328125 0.11484375
3 0.15546875 0.53203125 0.02890625 0.109375
3 0.403125 0.4703125 0.0265625 0.10390625
3 0.3484375 0.32421875 0.0203125 0.09375
3 0.4421875 0.37578125 0.0265625 0.09140625
3 0.61640625 0.6328125 0.02734375 0.115625
3 0.31171875 0.4359375 0.02265625 0.096875
3 0.15546875 0.53203125 0.02890625 0.109375
3 0.4140625 0.65546875 0.03828125 0.10390625