3 0.1703125 0.478125 0.025 0.12109375
3 0.2296875 0.58046875 0.04140625 0.11796875
3 0.5953125 0.51015625 0.0359375 0.1109375
3 0.42421875 0.328125 0.02578125 0.09296875
3 0.115625 0.515625 0.0296875 0.12890625
1 0.665625 0.490625 0.01015625 0.02109375
3 0.18203125 0.2984375 0.02578125 0.10703125
3 0.3796875 0.25703125 0.02265625 0.08515625
3 0.5671875 0.35078125 0.02421875 0.10390625
3 0.0609375 0.27578125 0.02734375 0.09375
3 0.4609375 0.19921875 0.01953125 0.08984375
3 0.82265625 0.246875 0.02421875 0.09921875
3 0.09296875 0.228125 0.025 0.090625
3 0.596875 0.2890625 0.02109375 0.09921875
3 0.07109375 0.2109375 0.02109375 0.090625
3 0.5875 0.109375 0.02421875 0.071875
3 0.63046875 0.90078125 0.0625 0.146875
3 0.94609375 0.4078125 0.03515625 0.11953125
3 0.58203125 0.21796875 0.0265625 0.08984375
3 0.30703125 0.4109375 0.02890625 0.11171875