3 0.83984375 0.63125 0.0171875 0.0734375
3 0.7390625 0.290625 0.01484375 0.04609375
3 0.31640625 0.30078125 0.01328125 0.05078125
3 0.65546875 0.46796875 0.0125 0.06875
3 0.75390625 0.3578125 0.01171875 0.05234375
3 0.68359375 0.4109375 0.0125 0.05859375
3 0.50625 0.50703125 0.0125 0.06328125
3 0.5 0.95625 0.025 0.08671875
3 0.49296875 0.32265625 0.0109375 0.05234375
3 0.29375 0.24140625 0.0125 0.03828125
3 0.50546875 0.30625 0.009375 0.05078125
3 0.44375 0.36328125 0.0125 0.05703125
3 0.5609375 0.3625 0.01171875 0.05390625
3 0.5015625 0.57578125 0.01484375 0.07421875
3 0.49140625 0.75859375 0.01953125 0.08828125
3 0.546875 0.95703125 0.02109375 0.084375
3 0.84453125 0.44765625 0.0140625 0.06328125
3 0.40390625 0.49609375 0.01328125 0.06484375
3 0.16640625 0.4828125 0.01484375 0.06953125
3 0.49765625 0.25 0.0109375 0.046875
3 0.2609375 0.5671875 0.01484375 0.07421875
3 0.2171875 0.3921875 0.01171875 0.05703125
3 0.38359375 0.3796875 0.01171875 0.05859375
3 0.5078125 0.42421875 0.0125 0.0546875