3 0.70703125 0.4546875 0.0328125 0.09296875
3 0.05 0.41171875 0.02265625 0.0875
3 0.2359375 0.18046875 0.015625 0.05546875
3 0.7375 0.4328125 0.01484375 0.08203125
3 0.26875 0.6234375 0.0265625 0.103125
3 0.1421875 0.52890625 0.02890625 0.096875
3 0.4140625 0.44765625 0.028125 0.0765625
3 0.45625 0.471875 0.03671875 0.0859375
3 0.734375 0.37734375 0.01640625 0.04609375
3 0.196875 0.584375 0.028125 0.103125
3 0.35625 0.49375 0.04296875 0.04296875
3 0.440625 0.721875 0.03671875 0.10859375
3 0.28203125 0.25859375 0.0203125 0.0640625
3 0.303125 0.4296875 0.0203125 0.084375
3 0.83515625 0.671875 0.0265625 0.115625
3 0.31875 0.328125 0.01953125 0.07109375
3 0.490625 0.33828125 0.01875 0.07109375
1 0.4265625 0.43046875 0.009375 0.0140625
3 0.0625 0.50625 0.03359375 0.1015625