3 0.315625 0.8359375 0.03515625 0.146875
3 0.284375 0.57578125 0.028125 0.10703125
3 0.75234375 0.92734375 0.0484375 0.1453125
3 0.728125 0.78125 0.04765625 0.1234375
3 0.7 0.365625 0.0375 0.07890625
3 0.4515625 0.265625 0.03046875 0.071875
3 0.6609375 0.384375 0.03203125 0.078125
3 0.5859375 0.10234375 0.01953125 0.05703125
3 0.9171875 0.4984375 0.02421875 0.10859375
3 0.984375 0.25546875 0.0296875 0.075
3 0.6296875 0.52578125 0.02421875 0.109375
3 0.7890625 0.5953125 0.03046875 0.11796875
3 0.346875 0.32734375 0.02578125 0.08203125
3 0.4921875 0.29140625 0.03203125 0.06953125
3 0.7765625 0.453125 0.025 0.1015625
3 0.61875 0.396875 0.02734375 0.0859375
3 0.225 0.4453125 0.02734375 0.1015625