3 0.49453125 0.2296875 0.015625 0.05078125
3 0.8625 0.578125 0.0203125 0.0828125
3 0.84140625 0.26171875 0.0140625 0.04765625
3 0.31875 0.28125 0.01484375 0.05625
3 0.8546875 0.9578125 0.028125 0.08046875
1 0.2171875 0.61171875 0.0078125 0.01484375
3 0.39375 0.18359375 0.0078125 0.04296875
3 0.63046875 0.42421875 0.0203125 0.06328125
3 0.56328125 0.64453125 0.02265625 0.0859375
3 0.87578125 0.28046875 0.01484375 0.053125
3 0.1875 0.565625 0.02734375 0.0796875
3 0.371875 0.32578125 0.01484375 0.0625
3 0.746875 0.346875 0.0171875 0.0609375
3 0.4421875 0.4765625 0.015625 0.06796875
3 0.71796875 0.378125 0.01484375 0.065625
3 0.64375 0.534375 0.01875 0.071875
3 0.9375 0.5265625 0.02734375 0.06875
3 0.97890625 0.7484375 0.021875 0.09140625
3 0.759375 0.721875 0.02421875 0.09375
3 0.396875 0.36953125 0.01875 0.0578125
3 0.8921875 0.35546875 0.01953125 0.06015625
3 0.846875 0.2859375 0.0140625 0.05703125
3 0.5609375 0.2796875 0.0140625 0.05390625