3 0.57890625 0.44921875 0.03828125 0.21328125
3 0.73828125 0.453125 0.0453125 0.18984375
3 0.18046875 0.51875 0.08671875 0.35859375
3 0.62265625 0.471875 0.04765625 0.23828125
3 0.49140625 0.45703125 0.03984375 0.19609375
3 0.96640625 0.4546875 0.05703125 0.21484375
3 0.70234375 0.4515625 0.04140625 0.1796875
3 0.88515625 0.45703125 0.05 0.209375
3 0.44453125 0.57265625 0.13125 0.625
1 0.646875 0.81875 0.053125 0.0890625
3 0.18046875 0.51875 0.08671875 0.35859375
3 0.65546875 0.446875 0.03828125 0.1984375
3 0.17578125 0.234375 0.015625 0.06875
3 0.5515625 0.4578125 0.04453125 0.20625