3 0.2765625 0.390625 0.02265625 0.090625
3 0.15390625 0.465625 0.03515625 0.08515625
3 0.309375 0.6890625 0.04609375 0.115625
3 0.21171875 0.60703125 0.034375 0.09921875
3 0.53046875 0.11953125 0.01640625 0.06328125
3 0.5703125 0.61328125 0.03046875 0.11171875
3 0.6890625 0.4609375 0.0328125 0.1109375
3 0.53359375 0.534375 0.03125 0.10859375
3 0.58515625 0.3765625 0.025 0.07578125
1 0.45234375 0.51875 0.009375 0.02578125
3 0.49296875 0.4734375 0.028125 0.06484375
3 0.45703125 0.46796875 0.02890625 0.07109375
3 0.40078125 0.3046875 0.0296875 0.07421875
3 0.46875 0.38671875 0.02421875 0.07578125
3 0.86640625 0.6796875 0.03984375 0.109375
3 0.06484375 0.55546875 0.02734375 0.10546875