3 0.5375 0.63046875 0.02421875 0.09140625
3 0.11171875 0.57578125 0.021875 0.0734375
3 0.1171875 0.33046875 0.015625 0.0640625
3 0.203125 0.5109375 0.01953125 0.08046875
3 0.409375 0.39140625 0.01953125 0.0640625
1 0.78984375 0.45703125 0.00625 0.0109375
3 0.396875 0.36328125 0.015625 0.0625
3 0.2578125 0.6 0.01875 0.078125
3 0.90859375 0.7890625 0.025 0.10859375
3 0.28671875 0.484375 0.021875 0.07109375
3 0.7953125 0.428125 0.02109375 0.071875
3 0.3625 0.35859375 0.02578125 0.05546875
3 0.2390625 0.39609375 0.01796875 0.06953125
3 0.43984375 0.31484375 0.0171875 0.065625