3 0.02109375 0.58125 0.0375 0.14453125
3 0.40234375 0.46875 0.03828125 0.1109375
3 0.50078125 0.30703125 0.02890625 0.09453125
3 0.509375 0.50234375 0.040625 0.12109375
3 0.984375 0.04453125 0.02734375 0.078125
3 0.50546875 0.36875 0.04140625 0.11484375
3 0.68515625 0.31796875 0.03515625 0.11015625
3 0.33984375 0.51953125 0.03828125 0.12890625
3 0.61171875 0.27421875 0.02578125 0.11328125
1 0.44375 0.571875 0.0109375 0.01875
3 0.65859375 0.4984375 0.03671875 0.13203125
3 0.58046875 0.36171875 0.03984375 0.10703125
3 0.7359375 0.80078125 0.0390625 0.15859375
3 0.43125 0.521875 0.0375 0.13984375
3 0.275 0.30703125 0.03828125 0.09921875
3 0.76953125 0.671875 0.040625 0.153125
3 0.55546875 0.67265625 0.04921875 0.14921875