3 0.40078125 0.70625 0.03125 0.109375
3 0.67109375 0.4453125 0.0265625 0.09296875
3 0.7171875 0.3953125 0.02578125 0.07890625
3 0.7875 0.64921875 0.0296875 0.109375
3 0.18203125 0.571875 0.03125 0.0984375
3 0.2234375 0.17734375 0.0140625 0.05390625
3 0.2203125 0.61875 0.034375 0.1015625
3 0.05703125 0.49453125 0.0234375 0.096875
3 0.26953125 0.428125 0.025 0.078125
3 0.3 0.3203125 0.02265625 0.07109375
1 0.3828125 0.43046875 0.00859375 0.0140625
3 0.4609375 0.32578125 0.0265625 0.06796875
3 0.0390625 0.403125 0.03125 0.0859375
3 0.7046875 0.41796875 0.01640625 0.075
3 0.3703125 0.4421875 0.02578125 0.084375
3 0.71875 0.965625 0.0375 0.06796875
3 0.121875 0.515625 0.03359375 0.09609375
3 0.4140625 0.459375 0.021875 0.0859375
3 0.2578125 0.25546875 0.02265625 0.0640625
3 0.35 0.47109375 0.03515625 0.046875