3 0.30234375 0.33671875 0.01875 0.0734375
3 0.19296875 0.29375 0.0203125 0.065625
3 0.109375 0.1296875 0.01484375 0.05390625
3 0.3859375 0.2484375 0.015625 0.0640625
3 0.5953125 0.684375 0.040625 0.08046875
3 0.66875 0.67109375 0.02890625 0.096875
3 0.29375 0.228125 0.01640625 0.065625
1 0.571875 0.709375 0.01171875 0.02109375
3 0.35625 0.32421875 0.0171875 0.07109375
3 0.28984375 0.10546875 0.015625 0.053125
3 0.6296875 0.465625 0.03046875 0.06953125
3 0.578125 0.4640625 0.034375 0.06640625
3 0.98046875 0.70625 0.0359375 0.09609375
3 0.7234375 0.19375 0.021875 0.065625
3 0.071875 0.45390625 0.02578125 0.0859375
3 0.128125 0.74140625 0.03828125 0.1109375
3 0.6125 0.51796875 0.02734375 0.09140625
3 0.13125 0.29296875 0.01796875 0.06640625
3 0.5828125 0.59453125 0.0375 0.071875
3 0.53125 0.284375 0.0203125 0.06796875
3 0.6890625 0.47890625 0.02265625 0.075
3 0.43125 0.203125 0.0203125 0.065625