3 0.7 0.48828125 0.01953125 0.08203125
3 0.95703125 0.5953125 0.0234375 0.09375
3 0.5015625 0.24296875 0.01640625 0.05625
1 0.3703125 0.38125 0.00546875 0.0109375
3 0.43984375 0.46171875 0.01796875 0.07109375
3 0.959375 0.38046875 0.02734375 0.0640625
3 0.4125 0.58359375 0.01796875 0.0875
3 0.696875 0.5546875 0.01640625 0.078125
3 0.134375 0.6078125 0.02578125 0.09765625
3 0.5546875 0.4109375 0.0203125 0.06953125
3 0.3609375 0.35546875 0.01796875 0.06796875
3 0.03125 0.3640625 0.01640625 0.0796875
3 0.98359375 0.33515625 0.01875 0.059375
3 0.63984375 0.30625 0.0140625 0.06328125
3 0.8984375 0.41875 0.01640625 0.0703125
3 0.85078125 0.46171875 0.01796875 0.084375
3 0.4734375 0.19453125 0.01328125 0.04921875
3 0.8703125 0.31875 0.01484375 0.0609375