3 0.99375 0.421875 0.01171875 0.12109375
3 0.2703125 0.2828125 0.02421875 0.0875
3 0.359375 0.13671875 0.01640625 0.065625
3 0.15625 0.83359375 0.03828125 0.14453125
3 0.69609375 0.4515625 0.0265625 0.096875
3 0.103125 0.43125 0.0265625 0.10390625
3 0.17421875 0.36796875 0.0203125 0.1
1 0.6296875 0.60078125 0.0140625 0.0234375
3 0.3109375 0.55546875 0.028125 0.09453125
3 0.33125 0.46640625 0.021875 0.1
3 0.996875 0.415625 0.00546875 0.1234375
3 0.64453125 0.31015625 0.025 0.0875
3 0.65703125 0.559375 0.0328125 0.103125
3 0.3609375 0.5546875 0.034375 0.1015625
3 0.9546875 0.26640625 0.01953125 0.0859375
3 0.428125 0.809375 0.03984375 0.15703125
3 0.31875 0.384375 0.0203125 0.084375
3 0.65 0.47265625 0.03359375 0.0875
3 0.6296875 0.67578125 0.0359375 0.1265625
3 0.2234375 0.528125 0.02578125 0.11640625