3 0.73984375 0.94609375 0.03671875 0.10625
1 0.42578125 0.4875 0.00859375 0.015625
3 0.6375 0.3015625 0.01953125 0.08203125
3 0.58203125 0.45859375 0.0203125 0.09296875
3 0.859375 0.521875 0.021875 0.09140625
3 0.4796875 0.48671875 0.0296875 0.078125
3 0.77109375 0.45234375 0.02265625 0.096875
3 0.28671875 0.45234375 0.03046875 0.09453125
3 0.52421875 0.45703125 0.02421875 0.08515625
3 0.43203125 0.16171875 0.015625 0.06875
3 0.3421875 0.36953125 0.0234375 0.08671875
3 0.7375 0.50546875 0.025 0.09296875
3 0.21953125 0.29375 0.021875 0.07578125
3 0.59609375 0.26328125 0.02265625 0.07578125
3 0.3 0.5875 0.0265625 0.09609375
3 0.3703125 0.46875 0.028125 0.0734375
3 0.42578125 0.40078125 0.0296875 0.08125
3 0.559375 0.74453125 0.03515625 0.11796875
3 0.70625 0.31328125 0.0203125 0.08046875