3 0.4140625 0.72890625 0.02734375 0.0859375
3 0.5703125 0.53828125 0.02734375 0.09375
3 0.17890625 0.459375 0.02734375 0.08359375
1 0.365625 0.85390625 0.01328125 0.021875
3 0.68515625 0.51328125 0.01953125 0.08671875
3 0.46953125 0.43984375 0.01953125 0.078125
3 0.5453125 0.39296875 0.02265625 0.075
3 0.578125 0.428125 0.0265625 0.08046875
3 0.39765625 0.409375 0.02421875 0.08125
3 0.709375 0.50703125 0.0203125 0.0890625
3 0.53046875 0.44609375 0.0234375 0.08125
3 0.03203125 0.5 0.025 0.0890625
3 0.7640625 0.41171875 0.02109375 0.08125
3 0.29140625 0.46484375 0.02578125 0.08125
3 0.6546875 0.48515625 0.02734375 0.08359375
3 0.5171875 0.484375 0.02265625 0.09296875
3 0.4765625 0.36640625 0.0234375 0.08125
3 0.65859375 0.565625 0.02578125 0.08671875
3 0.74765625 0.48984375 0.03828125 0.05390625
3 0.36015625 0.78828125 0.02265625 0.078125
3 0.63046875 0.56953125 0.021875 0.09296875