3 0.2453125 0.396875 0.01640625 0.0734375
3 0.5046875 0.4484375 0.02578125 0.0640625
1 0.59453125 0.5921875 0.0078125 0.015625
3 0.65625 0.459375 0.02890625 0.071875
3 0.0484375 0.55625 0.01484375 0.07890625
3 0.403125 0.18046875 0.01640625 0.053125
3 0.03828125 0.58828125 0.01875 0.08203125
3 0.23828125 0.2640625 0.0140625 0.05859375
3 0.190625 0.496875 0.0203125 0.07890625
3 0.1359375 0.746875 0.02734375 0.0984375
3 0.175 0.38125 0.01875 0.07109375
3 0.33203125 0.45625 0.0203125 0.07890625
3 0.49765625 0.553125 0.0234375 0.07109375
3 0.9484375 0.4078125 0.02578125 0.0765625
3 0.5921875 0.5640625 0.02421875 0.075
3 0.225 0.825 0.02734375 0.10859375
3 0.48203125 0.76171875 0.0296875 0.10390625
3 0.55 0.90390625 0.02421875 0.10859375
3 0.7484375 0.675 0.03125 0.0890625
3 0.53046875 0.35546875 0.015625 0.06640625
3 0.2828125 0.1421875 0.01640625 0.04609375
3 0.1 0.4859375 0.01953125 0.0859375
3 0.021875 0.57578125 0.025 0.0875