3 0.940625 0.44140625 0.04296875 0.12109375
3 0.27109375 0.7515625 0.0375 0.115625
3 0.7203125 0.32890625 0.04296875 0.1046875
3 0.82109375 0.56875 0.03671875 0.10859375
3 0.42734375 0.18203125 0.02890625 0.11328125
3 0.6796875 0.25703125 0.0375 0.115625
3 0.646875 0.259375 0.02578125 0.11171875
3 0.9203125 0.4 0.03671875 0.11640625
3 0.13046875 0.26875 0.034375 0.103125
1 0.88828125 0.5609375 0.015625 0.03125
3 0.4 0.225 0.028125 0.10390625
3 0.4265625 0.50625 0.04375 0.11640625
3 0.55546875 0.31875 0.02890625 0.1
3 0.8390625 0.52734375 0.02890625 0.1046875