3 0.553125 0.41875 0.03203125 0.08203125
3 0.45625 0.51796875 0.05078125 0.1
3 0.659375 0.3515625 0.034375 0.08046875
3 0.2609375 0.33984375 0.03828125 0.0875
3 0.1359375 0.35078125 0.03515625 0.0734375
1 0.45546875 0.3796875 0.009375 0.01796875
3 0.6 0.34375 0.02578125 0.0625
3 0.4515625 0.253125 0.03125 0.065625
3 0.38125 0.3125 0.03671875 0.06953125
3 0.05859375 0.9484375 0.0453125 0.1
3 0.496875 0.759375 0.05078125 0.11953125
3 0.41484375 0.48828125 0.0375 0.0984375
3 0.4296875 0.359375 0.034375 0.090625
3 0.109375 0.75390625 0.0453125 0.13046875
3 0.6484375 0.56015625 0.0328125 0.10390625
3 0.334375 0.490625 0.0296875 0.0984375