3 0.6 0.3203125 0.02421875 0.084375
3 0.37734375 0.346875 0.03125 0.0890625
3 0.4515625 0.35234375 0.0234375 0.07890625
3 0.46875 0.734375 0.034375 0.1390625
3 0.621875 0.46015625 0.02578125 0.10703125
3 0.56875 0.83203125 0.04921875 0.1359375
3 0.73046875 0.5953125 0.0375 0.12109375
3 0.753125 0.2890625 0.021875 0.1
3 0.9015625 0.43515625 0.02734375 0.10390625
3 0.14921875 0.546875 0.025 0.1109375
3 0.515625 0.38359375 0.02890625 0.0859375
3 0.09296875 0.8515625 0.04375 0.15546875
3 0.4703125 0.2640625 0.02421875 0.075
3 0.296875 0.4328125 0.028125 0.1015625
3 0.753125 0.2328125 0.01953125 0.0875
3 0.6015625 0.14609375 0.0203125 0.06953125
3 0.7109375 0.38984375 0.0359375 0.09296875
1 0.7078125 0.42890625 0.01015625 0.0140625
3 0.596875 0.51484375 0.03046875 0.10703125