3 0.3265625 0.546875 0.02578125 0.08046875
3 0.7671875 0.64765625 0.028125 0.09296875
3 0.2515625 0.73828125 0.03203125 0.09609375
3 0.678125 0.29765625 0.02109375 0.065625
3 0.65625 0.05859375 0.0203125 0.05
3 0.2125 0.52265625 0.028125 0.0875
3 0.70859375 0.190625 0.0203125 0.0625
3 0.51875 0.8171875 0.03671875 0.1125
3 0.18359375 0.73984375 0.0359375 0.090625
3 0.5796875 0.27421875 0.02109375 0.059375
3 0.60234375 0.659375 0.0328125 0.0875
3 0.25 0.29296875 0.01796875 0.075
3 0.5 0.64140625 0.03359375 0.08359375
3 0.20390625 0.43984375 0.0234375 0.0875
3 0.4234375 0.42109375 0.02109375 0.078125
3 0.21171875 0.3328125 0.01875 0.0734375
3 0.340625 0.35859375 0.01953125 0.06640625
1 0.33359375 0.803125 0.0125 0.01640625
3 0.3953125 0.115625 0.0140625 0.05546875
3 0.55 0.80859375 0.03828125 0.11640625