3 0.1390625 0.4828125 0.02421875 0.1140625
3 0.31875 0.4390625 0.0296875 0.09609375
3 0.715625 0.16328125 0.01484375 0.0703125
1 0.73984375 0.53515625 0.01171875 0.0203125
3 0.83046875 0.2671875 0.02578125 0.0859375
3 0.02734375 0.353125 0.02734375 0.1
3 0.53671875 0.2515625 0.01640625 0.08203125
3 0.825 0.478125 0.02734375 0.10625
3 0.3078125 0.6609375 0.03203125 0.1296875
3 0.25859375 0.25703125 0.01875 0.08125
3 0.13046875 0.47421875 0.01796875 0.10390625
3 0.125 0.93984375 0.03203125 0.11875
3 0.33828125 0.75 0.03046875 0.1296875
3 0.15234375 0.2078125 0.01953125 0.075
3 0.42734375 0.4546875 0.03828125 0.09296875
3 0.0484375 0.47578125 0.02109375 0.11328125
3 0.23046875 0.3453125 0.0203125 0.08359375
3 0.96796875 0.965625 0.03671875 0.06484375
3 0.21015625 0.196875 0.01875 0.06875
3 0.79765625 0.9546875 0.046875 0.08671875
3 0.55625 0.3265625 0.01796875 0.09375
3 0.0875 0.28828125 0.02734375 0.0859375
3 0.38046875 0.23359375 0.0140625 0.07890625