3 0.515625 0.78515625 0.03515625 0.13203125
3 0.675 0.58984375 0.028125 0.11796875
3 0.3953125 0.2765625 0.01875 0.075
3 0.54921875 0.85859375 0.0375 0.146875
3 0.31484375 0.34296875 0.01875 0.0890625
3 0.75078125 0.39453125 0.0234375 0.0890625
3 0.60234375 0.3359375 0.0265625 0.08046875
3 0.1921875 0.446875 0.0328125 0.10390625
3 0.7625 0.2640625 0.025 0.08046875
3 0.5109375 0.13671875 0.0171875 0.0625
3 0.51953125 0.36796875 0.0328125 0.0890625
3 0.328125 0.3625 0.02734375 0.0890625
3 0.125 0.86328125 0.04453125 0.14609375
3 0.8421875 0.471875 0.02578125 0.103125
3 0.571875 0.51015625 0.02265625 0.109375
3 0.134375 0.55546875 0.03203125 0.10546875
3 0.87578125 0.296875 0.0359375 0.08203125
3 0.6171875 0.4671875 0.03671875 0.1015625