3 0.621875 0.4890625 0.01875 0.06875
3 0.60546875 0.81171875 0.0390625 0.0921875
3 0.3484375 0.13359375 0.0140625 0.0515625
3 0.790625 0.94765625 0.0265625 0.103125
3 0.64765625 0.1921875 0.01484375 0.0515625
3 0.7421875 0.4015625 0.028125 0.0703125
3 0.334375 0.18203125 0.01484375 0.05078125
3 0.1375 0.11328125 0.01015625 0.02734375
3 0.0515625 0.371875 0.01875 0.06328125
3 0.66953125 0.19453125 0.015625 0.04921875
3 0.3953125 0.26328125 0.01953125 0.05703125
3 0.696875 0.2578125 0.015625 0.0609375
3 0.52421875 0.27890625 0.01484375 0.05859375
3 0.9875 0.90546875 0.02421875 0.10703125
3 0.81015625 0.53828125 0.02421875 0.0671875
3 0.07421875 0.36015625 0.01640625 0.0625
3 0.66328125 0.23984375 0.01484375 0.05703125
3 0.5890625 0.70390625 0.02265625 0.0984375
3 0.43359375 0.3078125 0.01796875 0.05859375
1 0.54765625 0.6484375 0.00703125 0.01640625
3 0.32734375 0.246875 0.0125 0.06171875
3 0.5546875 0.2375 0.0140625 0.05859375
3 0.33125 0.60390625 0.0296875 0.0828125
3 0.4421875 0.97578125 0.025 0.04765625
3 0.10625 0.2140625 0.01328125 0.0515625
3 0.0296875 0.97734375 0.025 0.0421875