1 0.1203125 0.628125 0.009375 0.02109375
3 0.30703125 0.503125 0.02421875 0.109375
3 0.31171875 0.2890625 0.02734375 0.0953125
3 0.32265625 0.5828125 0.03203125 0.1390625
3 0.728125 0.49453125 0.0171875 0.12421875
3 0.8625 0.57109375 0.0296875 0.13125
3 0.71640625 0.49375 0.0109375 0.12109375
3 0.66953125 0.41015625 0.0328125 0.10546875
3 0.90234375 0.55234375 0.03515625 0.13046875
3 0.4703125 0.453125 0.0375 0.1125
3 0.26640625 0.51015625 0.028125 0.11640625
3 0.61328125 0.6046875 0.03203125 0.12578125
3 0.54921875 0.48828125 0.02734375 0.12578125
3 0.23515625 0.4140625 0.034375 0.11171875
3 0.74453125 0.534375 0.03671875 0.1234375
3 0.1234375 0.475 0.0328125 0.1265625
3 0.67421875 0.47578125 0.03203125 0.11796875
3 0.24609375 0.5421875 0.0296875 0.10234375
3 0.93515625 0.609375 0.0375 0.121875