3 0.34296875 0.33359375 0.0296875 0.0875
3 0.22109375 0.5671875 0.03515625 0.13046875
3 0.50859375 0.35625 0.02890625 0.08359375
3 0.540625 0.34296875 0.0234375 0.09375
3 0.69921875 0.4328125 0.025 0.109375
3 0.4328125 0.371875 0.04140625 0.09453125
3 0.4546875 0.3859375 0.03203125 0.090625
1 0.48671875 0.303125 0.0109375 0.0171875
3 0.3125 0.60703125 0.03671875 0.146875
3 0.8296875 0.62734375 0.03828125 0.15859375
3 0.47109375 0.4765625 0.03125 0.1296875
3 0.515625 0.6 0.03515625 0.13203125
3 0.59140625 0.55078125 0.03203125 0.1375
3 0.74140625 0.38515625 0.02578125 0.1015625
3 0.5640625 0.35390625 0.0234375 0.090625
3 0.95625 0.203125 0.0234375 0.06484375
3 0.54765625 0.63515625 0.03515625 0.146875
3 0.365625 0.52265625 0.03671875 0.12734375