3 0.2625 0.45546875 0.03125 0.07890625
1 0.1859375 0.48671875 0.00859375 0.0171875
3 0.2390625 0.6609375 0.0265625 0.1359375
3 0.32890625 0.346875 0.025 0.090625
3 0.815625 0.5921875 0.0375 0.11171875
3 0.95625 0.62109375 0.02109375 0.1109375
3 0.6046875 0.5125 0.028125 0.10625
3 0.44765625 0.60546875 0.03046875 0.1234375
3 0.3859375 0.40234375 0.02421875 0.0921875
3 0.48359375 0.6296875 0.04453125 0.1140625
3 0.7625 0.63671875 0.03515625 0.12265625
3 0.990625 0.61953125 0.01875 0.10546875
3 0.2 0.54765625 0.03515625 0.11953125
3 0.975 0.634375 0.028125 0.11171875
3 0.725 0.60078125 0.03203125 0.11953125
3 0.16953125 0.44140625 0.02421875 0.096875
3 0.734375 0.540625 0.02578125 0.08125
3 0.7078125 0.50390625 0.028125 0.11796875