3 0.521875 0.309375 0.01796875 0.06484375
3 0.90703125 0.35859375 0.01796875 0.07578125
3 0.7546875 0.38359375 0.01796875 0.075
3 0.6921875 0.91640625 0.034375 0.11953125
3 0.21640625 0.3203125 0.0171875 0.06640625
3 0.46015625 0.5078125 0.01796875 0.0796875
3 0.8296875 0.684375 0.02578125 0.10546875
3 0.7140625 0.43515625 0.0203125 0.08359375
3 0.56875 0.41953125 0.01953125 0.08046875
3 0.290625 0.37265625 0.0171875 0.071875
3 0.84296875 0.26953125 0.0234375 0.05703125
3 0.43203125 0.26640625 0.015625 0.06328125
3 0.503125 0.7 0.02421875 0.1046875
3 0.978125 0.41171875 0.01640625 0.07890625
3 0.92265625 0.30703125 0.0203125 0.06640625
3 0.30625 0.2140625 0.0171875 0.05390625
3 0.27890625 0.4390625 0.01875 0.0796875
3 0.771875 0.58046875 0.01875 0.0953125