1 0.22578125 0.484375 0.0078125 0.0140625
3 0.84921875 0.4734375 0.02578125 0.09140625
3 0.66328125 0.53984375 0.0234375 0.09140625
3 0.2484375 0.4671875 0.0234375 0.084375
3 0.66640625 0.95625 0.0296875 0.0875
3 0.353125 0.9484375 0.03671875 0.103125
3 0.4515625 0.51015625 0.03125 0.0921875
3 0.1921875 0.62890625 0.03125 0.0921875
3 0.91015625 0.54296875 0.03125 0.10078125
3 0.0484375 0.90703125 0.040625 0.13671875
3 0.6828125 0.59921875 0.02421875 0.09921875
3 0.178125 0.57734375 0.02109375 0.08828125
3 0.46796875 0.3421875 0.02578125 0.07421875
3 0.5203125 0.49609375 0.0328125 0.09296875
3 0.7609375 0.4828125 0.03125 0.0890625
3 0.5796875 0.40625 0.02734375 0.07890625
3 0.6890625 0.5171875 0.02734375 0.09140625
3 0.3359375 0.44765625 0.028125 0.078125