3 0.1625 0.69296875 0.03828125 0.10234375
3 0.42421875 0.36171875 0.01796875 0.07734375
3 0.8671875 0.40859375 0.02734375 0.084375
3 0.44375 0.5578125 0.02578125 0.09140625
3 0.5421875 0.3375 0.03359375 0.07109375
3 0.75703125 0.4484375 0.02734375 0.0859375
3 0.115625 0.27265625 0.021875 0.05703125
3 0.41171875 0.28046875 0.01953125 0.0734375
3 0.00859375 0.08671875 0.01640625 0.17265625
1 0.396875 0.31796875 0.00703125 0.01328125
3 0.1640625 0.81796875 0.03203125 0.12421875
3 0.165625 0.28828125 0.025 0.05625
3 0.3828125 0.52109375 0.02734375 0.090625
3 0.53515625 0.440625 0.028125 0.08359375
3 0.1796875 0.4609375 0.03046875 0.084375
3 0.93046875 0.69921875 0.03984375 0.1140625
3 0.34765625 0.35546875 0.02421875 0.07890625
3 0.1640625 0.33984375 0.0234375 0.078125
3 0.915625 0.3671875 0.02265625 0.08125
3 0.7828125 0.428125 0.028125 0.0859375
3 0.10546875 0.62890625 0.03515625 0.10078125
3 0.0734375 0.7609375 0.03125 0.11875