3 0.86875 0.503125 0.02578125 0.09453125
3 0.81953125 0.9359375 0.03828125 0.121875
3 0.73203125 0.80390625 0.04765625 0.13046875
3 0.80859375 0.7265625 0.04609375 0.0953125
3 0.275 0.44609375 0.02421875 0.09453125
1 0.08046875 0.6859375 0.0140625 0.01796875
3 0.85 0.36015625 0.01796875 0.08125
3 0.2265625 0.459375 0.0359375 0.0890625
3 0.9890625 0.9328125 0.01953125 0.11796875
3 0.06875 0.6359375 0.03515625 0.11171875
3 0.31484375 0.62109375 0.03984375 0.08203125
3 0.1734375 0.246875 0.01953125 0.071875
3 0.21640625 0.85546875 0.0453125 0.1484375
3 0.13828125 0.19296875 0.01640625 0.06171875
3 0.8609375 0.37421875 0.025 0.078125
3 0.55703125 0.44375 0.01796875 0.096875
3 0.559375 0.94921875 0.02734375 0.08984375
3 0.43671875 0.31015625 0.01640625 0.06640625
3 0.2203125 0.11171875 0.0140625 0.03828125
3 0.57421875 0.2203125 0.01796875 0.059375
3 0.84296875 0.28359375 0.021875 0.0703125
3 0.47421875 0.14453125 0.015625 0.05
3 0.7625 0.23359375 0.0234375 0.065625
3 0.5671875 0.328125 0.02109375 0.071875
3 0.5171875 0.48515625 0.02734375 0.0890625
3 0.4484375 0.35 0.01953125 0.07421875