3 0.79609375 0.246875 0.01484375 0.05859375
3 0.96875 0.21640625 0.01484375 0.053125
3 0.96875 0.35859375 0.01953125 0.0734375
3 0.04921875 0.24609375 0.01328125 0.059375
3 0.79375 0.3890625 0.01953125 0.07109375
3 0.51875 0.08671875 0.01796875 0.04375
3 0.51328125 0.33828125 0.015625 0.065625
3 0.5625 0.5765625 0.0203125 0.08359375
3 0.5828125 0.3390625 0.01875 0.06875
3 0.88828125 0.5390625 0.028125 0.08125
3 0.36953125 0.35703125 0.01484375 0.0609375
3 0.6546875 0.1484375 0.01328125 0.046875
3 0.27578125 0.290625 0.01640625 0.06328125
3 0.853125 0.878125 0.03203125 0.0734375
3 0.39296875 0.46640625 0.0203125 0.07421875
3 0.959375 0.57109375 0.0296875 0.08203125
3 0.12890625 0.603125 0.028125 0.096875
3 0.19765625 0.5640625 0.02109375 0.090625
3 0.39140625 0.80390625 0.02734375 0.1046875