3 0.215625 0.8484375 0.04140625 0.153125
3 0.540625 0.121875 0.01640625 0.05703125
3 0.69921875 0.45703125 0.0296875 0.103125
3 0.73984375 0.59921875 0.0265625 0.11796875
3 0.4015625 0.334375 0.0203125 0.08046875
3 0.59453125 0.521875 0.025 0.10546875
3 0.871875 0.2640625 0.03046875 0.08046875
1 0.728125 0.42734375 0.00859375 0.01796875
3 0.20234375 0.5609375 0.0265625 0.10546875
3 0.18046875 0.43359375 0.028125 0.0890625
3 0.5734375 0.375 0.025 0.09453125
3 0.99140625 0.27734375 0.015625 0.07890625
3 0.61484375 0.36171875 0.028125 0.0734375
3 0.87890625 0.48203125 0.03125 0.10546875
3 0.64765625 0.90234375 0.040625 0.165625
3 0.30703125 0.328125 0.0265625 0.078125
3 0.396875 0.27421875 0.02578125 0.06796875
3 0.7125 0.390625 0.03203125 0.09609375
3 0.615625 0.80078125 0.028125 0.13203125