3 0.8953125 0.25390625 0.02265625 0.09140625
3 0.5 0.41015625 0.02578125 0.10703125
1 0.321875 0.68203125 0.01328125 0.025
3 0.36796875 0.39609375 0.0375 0.103125
3 0.484375 0.28046875 0.02578125 0.096875
3 0.7609375 0.35625 0.0203125 0.1015625
3 0.284375 0.628125 0.04296875 0.11796875
3 0.6109375 0.50859375 0.02421875 0.11640625
3 0.4171875 0.0703125 0.015625 0.06796875
3 0.696875 0.5 0.03046875 0.11640625
3 0.6921875 0.140625 0.01796875 0.07890625
3 0.2515625 0.24140625 0.01953125 0.0859375
3 0.73359375 0.615625 0.0296875 0.115625
3 0.89453125 0.91328125 0.0390625 0.1625
3 0.10859375 0.91171875 0.0359375 0.1515625