3 0.18046875 0.2203125 0.02734375 0.10390625
3 0.58046875 0.21328125 0.028125 0.0984375
3 0.30546875 0.31796875 0.03828125 0.1265625
3 0.8109375 0.3125 0.0390625 0.1140625
3 0.55546875 0.171875 0.03203125 0.10859375
3 0.21953125 0.434375 0.034375 0.13828125
3 0.5125 0.315625 0.05078125 0.1109375
3 0.48046875 0.68984375 0.0390625 0.15
3 0.515625 0.2140625 0.028125 0.09921875
3 0.5421875 0.246875 0.03046875 0.10546875
1 0.33515625 0.4234375 0.01328125 0.021875
3 0.76796875 0.35 0.0234375 0.09609375
3 0.73828125 0.30859375 0.03046875 0.11015625
3 0.72578125 0.2859375 0.02265625 0.103125
3 0.85546875 0.4328125 0.034375 0.1234375
3 0.39296875 0.3484375 0.03671875 0.1015625