3 0.48125 0.38515625 0.02421875 0.0765625
3 0.1046875 0.453125 0.021875 0.08359375
3 0.55859375 0.453125 0.0203125 0.0734375
3 0.028125 0.440625 0.02578125 0.084375
3 0.378125 0.35390625 0.01796875 0.0640625
1 0.46875 0.2953125 0.0078125 0.0125
3 0.5515625 0.509375 0.02109375 0.07890625
3 0.671875 0.67890625 0.03046875 0.096875
3 0.41953125 0.2890625 0.01875 0.053125
3 0.234375 0.71015625 0.028125 0.1125
3 0.3125 0.51015625 0.02109375 0.0765625
3 0.334375 0.52265625 0.02734375 0.0875
3 0.8515625 0.53828125 0.03359375 0.09609375
3 0.87890625 0.6046875 0.0265625 0.10703125
3 0.5625 0.73125 0.02890625 0.10703125
3 0.3671875 0.4 0.01953125 0.078125
3 0.709375 0.40078125 0.021875 0.0765625
3 0.5203125 0.30625 0.02890625 0.065625
3 0.3234375 0.34140625 0.02578125 0.06640625
3 0.9140625 0.69921875 0.03046875 0.10390625