3 0.7453125 0.3171875 0.02578125 0.0734375
3 0.4921875 0.078125 0.0125 0.04609375
3 0.33828125 0.328125 0.025 0.06953125
3 0.52890625 0.259375 0.03125 0.05859375
3 0.7984375 0.9171875 0.05703125 0.15703125
3 0.55 0.5140625 0.02890625 0.1
3 0.3921875 0.8109375 0.04921875 0.125
3 0.1578125 0.47578125 0.02890625 0.09296875
3 0.728125 0.4078125 0.02109375 0.090625
3 0.471875 0.2296875 0.02734375 0.065625
3 0.8515625 0.47578125 0.025 0.09609375
3 0.5703125 0.38515625 0.02734375 0.0734375
3 0.9859375 0.23046875 0.02734375 0.06953125
3 0.7109375 0.56640625 0.03515625 0.10546875
3 0.75 0.703125 0.04765625 0.09453125
3 0.57109375 0.4390625 0.034375 0.08046875
3 0.309375 0.62109375 0.03359375 0.1140625