3 0.2546875 0.403125 0.02578125 0.109375
3 0.8578125 0.55078125 0.03359375 0.1296875
3 0.765625 0.203125 0.02265625 0.08515625
3 0.34296875 0.30703125 0.02578125 0.096875
3 0.640625 0.13203125 0.021875 0.06484375
3 0.2953125 0.38828125 0.02578125 0.10703125
3 0.53125 0.37890625 0.03828125 0.1015625
3 0.51015625 0.1640625 0.021875 0.08125
3 0.40078125 0.2203125 0.0234375 0.08671875
3 0.43046875 0.2328125 0.02265625 0.08984375
3 0.6453125 0.240625 0.02734375 0.08984375
3 0.21171875 0.321875 0.02578125 0.1015625
1 0.8140625 0.2296875 0.01015625 0.01875
3 0.7078125 0.234375 0.02421875 0.09140625
3 0.74921875 0.20703125 0.01640625 0.071875
3 0.53046875 0.24921875 0.02109375 0.090625
3 0.69609375 0.22109375 0.02109375 0.09921875
3 0.3078125 0.2703125 0.02109375 0.09609375
3 0.5578125 0.09140625 0.01875 0.06796875
3 0.84296875 0.184375 0.028125 0.08046875