3 0.16484375 0.38515625 0.021875 0.08203125
3 0.4046875 0.19375 0.0203125 0.059375
3 0.7890625 0.3359375 0.02890625 0.078125
3 0.76015625 0.73828125 0.03125 0.12109375
3 0.39921875 0.36953125 0.0203125 0.08046875
3 0.178125 0.559375 0.02265625 0.10546875
3 0.65625 0.48828125 0.03515625 0.084375
3 0.49140625 0.6546875 0.025 0.115625
3 0.3265625 0.1515625 0.01484375 0.053125
3 0.9765625 0.490625 0.02890625 0.1015625
3 0.05625 0.4984375 0.02734375 0.096875
3 0.184375 0.32578125 0.03125 0.0765625
1 0.7671875 0.4046875 0.009375 0.015625
3 0.565625 0.54453125 0.02421875 0.1
3 0.3109375 0.5015625 0.028125 0.09140625
3 0.2140625 0.85234375 0.03828125 0.1484375
3 0.265625 0.540625 0.0328125 0.103125
3 0.24296875 0.28671875 0.025 0.06796875
3 0.10703125 0.37265625 0.025 0.090625
3 0.6359375 0.3125 0.028125 0.0640625