3 0.1390625 0.6640625 0.0265625 0.0984375
3 0.91953125 0.61875 0.02421875 0.103125
3 0.815625 0.55625 0.01953125 0.08671875
3 0.3828125 0.1734375 0.01328125 0.053125
3 0.35546875 0.4640625 0.0234375 0.07890625
3 0.590625 0.50390625 0.0203125 0.08515625
3 0.265625 0.40703125 0.01796875 0.07578125
3 0.43359375 0.57578125 0.025 0.071875
3 0.57421875 0.328125 0.015625 0.065625
3 0.6609375 0.2265625 0.0125 0.06171875
3 0.57421875 0.6390625 0.0265625 0.0953125
3 0.42109375 0.73125 0.03046875 0.09921875
3 0.63046875 0.3171875 0.01640625 0.06015625
3 0.83046875 0.33046875 0.015625 0.06953125
3 0.3546875 0.284375 0.01484375 0.05703125
3 0.47734375 0.640625 0.03828125 0.08671875
3 0.45234375 0.4015625 0.01640625 0.071875
3 0.14375 0.53671875 0.0203125 0.09140625
3 0.3265625 0.5109375 0.01796875 0.0765625
3 0.2 0.57421875 0.021875 0.0890625
1 0.4640625 0.66875 0.00703125 0.01875
3 0.4484375 0.29296875 0.01484375 0.05703125
3 0.5671875 0.74765625 0.0234375 0.10078125