3 0.3171875 0.371875 0.02421875 0.090625
3 0.76796875 0.396875 0.03125 0.08359375
3 0.6609375 0.59140625 0.02890625 0.121875
3 0.8265625 0.303125 0.02421875 0.08203125
3 0.5140625 0.14453125 0.01953125 0.06640625
3 0.5859375 0.50546875 0.02265625 0.10859375
1 0.7546875 0.425 0.00859375 0.01640625
3 0.128125 0.55234375 0.0234375 0.1125
3 0.8515625 0.46796875 0.02265625 0.10859375
3 0.5046875 0.3734375 0.021875 0.0859375
3 0.5203125 0.84453125 0.03515625 0.14453125
3 0.3296875 0.3546875 0.02109375 0.090625
3 0.5953125 0.47421875 0.02421875 0.090625
3 0.415625 0.27734375 0.02109375 0.0734375
3 0.609375 0.334375 0.0265625 0.0734375
3 0.73828125 0.259375 0.025 0.071875
3 0.5046875 0.77578125 0.03203125 0.11796875
3 0.103125 0.875 0.04140625 0.153125
3 0.2234375 0.446875 0.03046875 0.096875