3 0.25703125 0.39140625 0.05234375 0.15625
3 0.27734375 0.14140625 0.04609375 0.1359375
3 0.5984375 0.2609375 0.05078125 0.146875
3 0.81875 0.1359375 0.0484375 0.14921875
1 0.34765625 0.2515625 0.01484375 0.02109375
3 0.565625 0.3890625 0.04765625 0.15546875
3 0.6703125 0.40390625 0.05859375 0.1609375
3 0.87578125 0.31171875 0.03203125 0.16875
3 0.6515625 0.38203125 0.03515625 0.196875
3 0.77578125 0.303125 0.04765625 0.16875
3 0.37734375 0.365625 0.04140625 0.1453125
3 0.84765625 0.06328125 0.03984375 0.12578125
3 0.49140625 0.8796875 0.08046875 0.18671875
3 0.10078125 0.3109375 0.03515625 0.1515625