3 0.2375 0.3765625 0.0328125 0.09453125
3 0.5234375 0.30078125 0.02890625 0.07890625
3 0.99609375 0.34375 0.00703125 0.1
1 0.4453125 0.3390625 0.0125 0.01640625
3 0.29296875 0.2734375 0.02890625 0.071875
3 0.6296875 0.3109375 0.02734375 0.08359375
3 0.76015625 0.34453125 0.03125 0.103125
3 0.4953125 0.3171875 0.01953125 0.07578125
3 0.55078125 0.49296875 0.025 0.10390625
3 0.78359375 0.5859375 0.0359375 0.1171875
3 0.46796875 0.3734375 0.0234375 0.09296875
3 0.46640625 0.503125 0.03515625 0.1109375
3 0.10703125 0.71015625 0.0296875 0.14296875
3 0.10234375 0.54375 0.02421875 0.12890625
3 0.57890625 0.334375 0.0265625 0.09296875
3 0.1796875 0.67578125 0.02734375 0.13203125
3 0.6 0.33515625 0.01953125 0.08828125
3 0.99140625 0.47734375 0.0171875 0.1078125
3 0.4015625 0.36796875 0.02734375 0.08125