3 0.5578125 0.853125 0.03828125 0.14609375
3 0.75625 0.2953125 0.02265625 0.084375
3 0.19375 0.5328125 0.025 0.10703125
3 0.740625 0.58984375 0.04140625 0.1125
3 0.49140625 0.3296875 0.0203125 0.090625
3 0.0984375 0.828125 0.04140625 0.1515625
3 0.7828125 0.2171875 0.01796875 0.07890625
3 0.675 0.46796875 0.04140625 0.08359375
3 0.909375 0.4203125 0.02109375 0.10703125
3 0.340625 0.43359375 0.02109375 0.1
3 0.4171875 0.3390625 0.03125 0.0890625
3 0.6140625 0.52890625 0.02578125 0.1140625
3 0.6375 0.14140625 0.01796875 0.06953125
3 0.5828125 0.39375 0.0296875 0.090625
3 0.6171875 0.33203125 0.0265625 0.08359375
3 0.4640625 0.69296875 0.034375 0.1359375
3 0.715625 0.39375 0.025 0.10390625
3 0.4890625 0.259375 0.02109375 0.078125