3 0.1421875 0.37578125 0.0359375 0.1140625
3 0.00625 0.30703125 0.01171875 0.0859375
3 0.0171875 0.42578125 0.03359375 0.128125
3 0.24765625 0.39296875 0.02734375 0.1015625
3 0.3125 0.278125 0.02890625 0.09375
1 0.66875 0.24140625 0.00859375 0.01875
3 0.61875 0.240625 0.02421875 0.0984375
3 0.23515625 0.2015625 0.02265625 0.08046875
3 0.28125 0.2640625 0.028125 0.0984375
3 0.77734375 0.615625 0.03671875 0.13125
3 0.38515625 0.38125 0.03046875 0.10625
3 0.54375 0.3953125 0.04609375 0.11328125
3 0.43671875 0.26171875 0.01953125 0.096875
3 0.65234375 0.6890625 0.0390625 0.15078125