3 0.8671875 0.675 0.021875 0.09921875
3 0.32421875 0.3734375 0.01796875 0.0703125
1 0.253125 0.465625 0.00703125 0.0140625
3 0.73671875 0.89296875 0.03671875 0.11640625
3 0.99140625 0.40390625 0.0171875 0.0734375
3 0.75390625 0.4234375 0.02265625 0.07578125
3 0.00703125 0.615625 0.0140625 0.096875
3 0.36484375 0.22109375 0.01640625 0.046875
3 0.55546875 0.6875 0.0203125 0.09609375
3 0.49140625 0.26875 0.0203125 0.05859375
3 0.94765625 0.30859375 0.01484375 0.06171875
3 0.88671875 0.2828125 0.0203125 0.053125
3 0.48046875 0.51796875 0.01796875 0.075
3 0.35546875 0.4296875 0.0203125 0.0703125
3 0.62265625 0.42734375 0.0171875 0.06796875
3 0.7828125 0.38046875 0.01640625 0.06953125
3 0.92734375 0.35625 0.01640625 0.06875
3 0.75234375 0.57265625 0.01953125 0.08359375
3 0.290625 0.321875 0.0203125 0.0609375
3 0.5671875 0.3109375 0.0140625 0.06171875