3 0.03828125 0.23671875 0.02421875 0.11875
3 0.728125 0.20625 0.028125 0.09921875
3 0.58515625 0.3109375 0.0328125 0.11640625
3 0.78515625 0.26953125 0.0265625 0.115625
3 0.38046875 0.4140625 0.03359375 0.11953125
3 0.328125 0.77734375 0.0390625 0.15625
3 0.49765625 0.25390625 0.03984375 0.10078125
3 0.90078125 0.25390625 0.03046875 0.11875
1 0.59609375 0.22109375 0.00859375 0.015625
3 0.5234375 0.2 0.02109375 0.08515625
3 0.39921875 0.32421875 0.03046875 0.121875
3 0.61328125 0.18359375 0.03515625 0.09296875
3 0.3390625 0.19296875 0.02578125 0.0953125
3 0.5734375 0.18671875 0.03203125 0.09375
3 0.4703125 0.2015625 0.0234375 0.09296875
3 0.703125 0.35703125 0.0359375 0.11171875