3 0.025 0.615625 0.0359375 0.12421875
3 0.88359375 0.2921875 0.02109375 0.0859375
1 0.80078125 0.43359375 0.01171875 0.01953125
3 0.50859375 0.28828125 0.02109375 0.08984375
3 0.2703125 0.86875 0.03359375 0.15625
3 0.0390625 0.48203125 0.0296875 0.10859375
3 0.165625 0.47890625 0.02734375 0.11328125
3 0.040625 0.31640625 0.0328125 0.08046875
3 0.565625 0.36640625 0.02109375 0.08828125
3 0.7046875 0.1765625 0.01640625 0.06953125
3 0.2390625 0.1140625 0.0140625 0.03671875
3 0.30234375 0.34453125 0.02265625 0.08984375
3 0.8078125 0.46953125 0.02890625 0.10625
3 0.4 0.39765625 0.0234375 0.096875
3 0.27109375 0.28125 0.01875 0.08984375
3 0.40625 0.25 0.0203125 0.0796875
3 0.109375 0.50859375 0.03359375 0.10390625
3 0.24609375 0.66953125 0.03125 0.13203125
3 0.546875 0.44296875 0.02421875 0.096875
3 0.06640625 0.26640625 0.02734375 0.07578125