3 0.61015625 0.834375 0.0515625 0.1640625
3 0.215625 0.421875 0.04296875 0.10703125
3 0.4484375 0.31796875 0.02734375 0.11640625
3 0.71875 0.478125 0.0546875 0.121875
3 0.6953125 0.93125 0.04296875 0.134375
3 0.81328125 0.65625 0.034375 0.140625
3 0.42265625 0.22578125 0.034375 0.090625
3 0.76875 0.6734375 0.0375 0.1390625
3 0.3234375 0.5078125 0.0359375 0.1265625
1 0.6515625 0.521875 0.01328125 0.025
3 0.29453125 0.571875 0.0359375 0.11953125
3 0.0640625 0.37578125 0.03125 0.115625
0 0.91328125 0.30703125 0.025 0.1109375