3 0.8203125 0.64765625 0.03515625 0.140625
3 0.4859375 0.22109375 0.025 0.09140625
3 0.39921875 0.503125 0.0375 0.10703125
3 0.11640625 0.3734375 0.034375 0.11953125
0 0.9765625 0.31640625 0.03359375 0.10859375
3 0.77421875 0.66640625 0.0421875 0.14140625
1 0.671875 0.5171875 0.01328125 0.0234375
2 0.0109375 0.6578125 0.02109375 0.15390625
3 0.3 0.5671875 0.0359375 0.1234375
3 0.709375 0.4734375 0.05078125 0.121875
3 0.49609375 0.32265625 0.028125 0.10703125
3 0.7359375 0.9296875 0.053125 0.140625
3 0.28515625 0.415625 0.0453125 0.115625
3 0.64453125 0.83359375 0.0609375 0.1640625