3 0.6453125 0.203125 0.015625 0.06640625
3 0.3265625 0.3296875 0.03125 0.0734375
3 0.371875 0.5890625 0.0234375 0.1109375
3 0.884375 0.715625 0.03125 0.11640625
3 0.746875 0.37265625 0.0203125 0.084375
3 0.653125 0.2890625 0.015625 0.078125
3 0.7296875 0.33046875 0.01796875 0.08046875
3 0.51328125 0.1234375 0.0140625 0.05546875
3 0.9078125 0.38515625 0.01953125 0.090625
3 0.3140625 0.47578125 0.0359375 0.09296875
3 0.2375 0.8578125 0.0375 0.140625
3 0.57421875 0.440625 0.021875 0.09296875
3 0.64765625 0.6390625 0.0296875 0.11640625
3 0.60703125 0.50078125 0.028125 0.1015625
3 0.425 0.4078125 0.0203125 0.07890625
3 0.9125 0.24609375 0.025 0.071875
1 0.3609375 0.41171875 0.01015625 0.015625