3 0.14609375 0.3859375 0.02734375 0.10390625
3 0.61328125 0.4984375 0.03828125 0.1109375
3 0.7609375 0.2828125 0.021875 0.0859375
3 0.1296875 0.6078125 0.0296875 0.12109375
3 0.40390625 0.32578125 0.0296875 0.09140625
3 0.89140625 0.3765625 0.02578125 0.0984375
3 0.596875 0.0484375 0.01328125 0.05625
3 0.68359375 0.81640625 0.05234375 0.14140625
3 0.53671875 0.93125 0.04140625 0.13359375
1 0.1515625 0.659375 0.01171875 0.02109375
3 0.89296875 0.10390625 0.01953125 0.05703125
3 0.49921875 0.1703125 0.01953125 0.0703125
3 0.7046875 0.75 0.03359375 0.11328125
3 0.784375 0.328125 0.03515625 0.09609375
3 0.33515625 0.6390625 0.03984375 0.10546875
3 0.5 0.4640625 0.04140625 0.0953125
3 0.76640625 0.53125 0.04609375 0.10625