3 0.2953125 0.671875 0.02578125 0.0875
3 0.96171875 0.4109375 0.021875 0.06640625
3 0.42265625 0.478125 0.0171875 0.06796875
3 0.3859375 0.39296875 0.0140625 0.0640625
3 0.16953125 0.56640625 0.0171875 0.078125
3 0.19921875 0.625 0.0265625 0.075
1 0.71015625 0.41171875 0.0078125 0.0125
3 0.3875 0.26796875 0.01640625 0.05859375
3 0.05 0.96328125 0.03828125 0.07109375
3 0.59375 0.5984375 0.02265625 0.0890625
3 0.221875 0.4453125 0.015625 0.06796875
3 0.93125 0.68828125 0.02421875 0.0984375
3 0.17578125 0.33046875 0.0171875 0.053125
3 0.0984375 0.5484375 0.021875 0.075
3 0.7390625 0.38046875 0.021875 0.05859375
3 0.3015625 0.41875 0.0203125 0.0625