0 0.1953125 0.2921875 0.0265625 0.08203125
3 0.4265625 0.50078125 0.0359375 0.109375
3 0.696875 0.384375 0.02421875 0.090625
2 0.79375 0.159375 0.02421875 0.0640625
3 0.74453125 0.359375 0.025 0.0890625
3 0.64375 0.540625 0.03359375 0.0984375
3 0.32421875 0.7234375 0.0265625 0.125
3 0.56640625 0.290625 0.0171875 0.084375
3 0.3421875 0.75859375 0.03359375 0.125
3 0.934375 0.76640625 0.03828125 0.11953125
3 0.9828125 0.2375 0.02265625 0.071875
3 0.4671875 0.35625 0.0265625 0.090625
2 0.23359375 0.621875 0.0328125 0.11640625
3 0.22265625 0.51796875 0.0265625 0.1109375
3 0.278125 0.4828125 0.02734375 0.10390625
3 0.5203125 0.4859375 0.0328125 0.0859375
1 0.6671875 0.7875 0.0171875 0.028125
3 0.52890625 0.38515625 0.021875 0.090625
3 0.58125 0.32578125 0.028125 0.0875
3 0.0203125 0.671875 0.03671875 0.12890625
3 0.078125 0.6484375 0.03203125 0.121875