1 0.23515625 0.36171875 0.00703125 0.01171875
3 0.95703125 0.38671875 0.02421875 0.08125
3 0.81328125 0.40234375 0.01875 0.084375
3 0.70859375 0.9359375 0.0328125 0.1265625
3 0.53828125 0.32421875 0.02109375 0.07421875
3 0.221875 0.3296875 0.0296875 0.07421875
3 0.48203125 0.50078125 0.0203125 0.08671875
3 0.7421875 0.4625 0.02109375 0.09609375
3 0.88125 0.28046875 0.021875 0.0703125
3 0.57734375 0.43125 0.02265625 0.08359375
3 0.2734375 0.46875 0.021875 0.08828125
3 0.3171875 0.22265625 0.01796875 0.0578125
3 0.87109375 0.70546875 0.02578125 0.1125
3 0.5078125 0.728125 0.034375 0.11171875
3 0.3171875 0.4 0.021875 0.08828125
3 0.84375 0.60234375 0.021875 0.103125
3 0.97734375 0.31875 0.0203125 0.0765625
3 0.43359375 0.27734375 0.02265625 0.065625