3 0.59375 0.3375 0.01640625 0.075
3 0.60703125 0.140625 0.0171875 0.0625
3 0.184375 0.41875 0.02265625 0.0875
3 0.49296875 0.95625 0.04375 0.084375
3 0.6140625 0.82890625 0.03828125 0.11953125
3 0.4296875 0.159375 0.01796875 0.05546875
3 0.890625 0.21953125 0.01796875 0.0609375
3 0.4140625 0.225 0.015625 0.0640625
3 0.51796875 0.665625 0.0296875 0.10546875
3 0.2078125 0.39921875 0.0234375 0.0875
3 0.0640625 0.64375 0.04140625 0.10390625
3 0.30078125 0.23359375 0.01875 0.0640625
3 0.57578125 0.23515625 0.015625 0.065625
3 0.71875 0.559375 0.03046875 0.10703125
1 0.58828125 0.8375 0.0109375 0.01953125
3 0.69375 0.384375 0.02421875 0.08359375