3 0.27265625 0.24921875 0.0171875 0.0625
3 0.4734375 0.74609375 0.0265625 0.10546875
3 0.3265625 0.4609375 0.0234375 0.0859375
3 0.01875 0.56484375 0.01953125 0.084375
3 0.6 0.42890625 0.02109375 0.071875
3 0.56015625 0.33828125 0.0171875 0.07109375
3 0.11875 0.465625 0.01796875 0.0875
3 0.2453125 0.37890625 0.02734375 0.071875
3 0.6015625 0.8546875 0.01875 0.10703125
3 0.55625 0.57734375 0.02265625 0.07890625
3 0.309375 0.1171875 0.01640625 0.0484375
3 0.728125 0.65625 0.02578125 0.090625
3 0.45859375 0.428125 0.021875 0.06640625
3 0.0640625 0.565625 0.02421875 0.090625
3 0.178125 0.7203125 0.02734375 0.09296875
3 0.0453125 0.52578125 0.02265625 0.0765625
1 0.578125 0.596875 0.0078125 0.015625
3 0.421875 0.16328125 0.015625 0.05703125
3 0.44375 0.56640625 0.02578125 0.078125
3 0.2109375 0.7921875 0.02109375 0.115625
3 0.196875 0.359375 0.0171875 0.0734375
3 0.2125 0.48125 0.01796875 0.084375
3 0.9296875 0.38671875 0.03125 0.0765625