3 0.50078125 0.42890625 0.02265625 0.11640625
3 0.346875 0.55703125 0.02421875 0.11484375
3 0.80859375 0.4375 0.03203125 0.0859375
3 0.76015625 0.5859375 0.02890625 0.1140625
3 0.54921875 0.43515625 0.021875 0.11640625
3 0.334375 0.4265625 0.0265625 0.121875
3 0.3703125 0.42890625 0.02109375 0.10703125
3 0.615625 0.421875 0.02421875 0.12578125
3 0.29453125 0.43671875 0.02109375 0.11484375
3 0.84609375 0.434375 0.021875 0.11640625
3 0.53828125 0.63203125 0.03359375 0.1390625
3 0.6328125 0.428125 0.02109375 0.12109375
1 0.6359375 0.62109375 0.0140625 0.02109375
3 0.5328125 0.43046875 0.02578125 0.11875
3 0.6390625 0.884375 0.03828125 0.134375
3 0.60078125 0.4265625 0.01796875 0.11171875
3 0.28828125 0.365625 0.02109375 0.04375
3 0.5859375 0.42890625 0.01796875 0.1140625
3 0.55703125 0.58125 0.0390625 0.12109375
3 0.56953125 0.43203125 0.02265625 0.11171875
3 0.42578125 0.425 0.02109375 0.11484375