3 0.42734375 0.5234375 0.02734375 0.0953125
3 0.19375 0.29140625 0.02578125 0.0890625
3 0.09609375 0.13671875 0.02265625 0.05703125
3 0.28828125 0.33046875 0.02109375 0.096875
3 0.54765625 0.83203125 0.03671875 0.1640625
3 0.15390625 0.490625 0.0296875 0.11640625
3 0.41953125 0.2265625 0.02890625 0.08671875
3 0.4734375 0.2890625 0.02421875 0.10078125
3 0.4265625 0.6203125 0.02734375 0.1296875
3 0.47578125 0.1015625 0.01484375 0.0640625
3 0.42109375 0.38125 0.0234375 0.1
3 0.2 0.621875 0.046875 0.13046875
3 0.1078125 0.04453125 0.01640625 0.03203125
3 0.55234375 0.9796875 0.02890625 0.0390625
3 0.33515625 0.440625 0.03203125 0.11015625
3 0.72109375 0.19609375 0.02265625 0.0859375
3 0.9078125 0.39296875 0.02421875 0.109375
3 0.32734375 0.19375 0.01796875 0.08359375
3 0.3375 0.61484375 0.02890625 0.13671875
1 0.87734375 0.4078125 0.01015625 0.01953125
3 0.0484375 0.36796875 0.02421875 0.11484375
3 0.034375 0.16171875 0.025 0.0765625