3 0.48359375 0.596875 0.03125 0.11796875
3 0.40859375 0.29375 0.021875 0.09609375
3 0.8703125 0.3734375 0.02421875 0.103125
3 0.1234375 0.36171875 0.02734375 0.1015625
3 0.409375 0.60078125 0.02734375 0.12890625
3 0.4921875 0.378125 0.02890625 0.09609375
3 0.8515625 0.484375 0.02578125 0.121875
1 0.64453125 0.30234375 0.0125 0.01796875
3 0.0859375 0.3625 0.028125 0.096875
3 0.4375 0.40390625 0.02421875 0.103125
3 0.32421875 0.503125 0.0234375 0.1125
3 0.515625 0.490625 0.02578125 0.1140625
2 0.19375 0.21953125 0.01953125 0.0890625
3 0.0203125 0.81640625 0.040625 0.153125
3 0.61875 0.26171875 0.02265625 0.0875