3 0.7125 0.45859375 0.02109375 0.075
3 0.96875 0.60546875 0.0296875 0.09453125
3 0.30078125 0.72578125 0.0375 0.09609375
3 0.4859375 0.303125 0.01796875 0.0625
3 0.475 0.503125 0.02109375 0.08203125
3 0.25703125 0.4625 0.0265625 0.075
3 0.83671875 0.215625 0.0140625 0.053125
3 0.63984375 0.6109375 0.025 0.08046875
3 0.8359375 0.28359375 0.02265625 0.05546875
3 0.98125 0.7984375 0.03125 0.10546875
3 0.78203125 0.3171875 0.015625 0.059375
3 0.31796875 0.68984375 0.0203125 0.07890625
3 0.75 0.36953125 0.01953125 0.0640625
3 0.821875 0.9671875 0.0390625 0.065625
3 0.9296875 0.55078125 0.028125 0.090625
3 0.6359375 0.6953125 0.02265625 0.084375
3 0.5921875 0.77109375 0.02421875 0.103125
3 0.7265625 0.4140625 0.01796875 0.06953125
3 0.65 0.203125 0.0140625 0.0484375
3 0.6 0.31796875 0.01640625 0.0609375
3 0.45625 0.13046875 0.01171875 0.0390625
1 0.2765625 0.5046875 0.00859375 0.015625
3 0.8578125 0.39375 0.0234375 0.0734375