1 0.428125 0.109375 0.00859375 0.01796875
3 0.359375 0.265625 0.01953125 0.08203125
3 0.5109375 0.3828125 0.03203125 0.08203125
3 0.4828125 0.3703125 0.03046875 0.084375
3 0.4140625 0.325 0.03203125 0.0859375
3 0.703125 0.3421875 0.02578125 0.090625
3 0.4984375 0.34921875 0.0203125 0.0625
3 0.0609375 0.2875 0.02578125 0.09140625
3 0.4609375 0.278125 0.0234375 0.078125
3 0.1015625 0.425 0.02578125 0.1
3 0.26640625 0.32265625 0.0234375 0.084375
3 0.3046875 0.2046875 0.01953125 0.0765625
3 0.3078125 0.1265625 0.01953125 0.08359375
3 0.18046875 0.65703125 0.0328125 0.11953125
3 0.4390625 0.50078125 0.0375 0.10390625
3 0.825 0.15859375 0.0265625 0.08046875
3 0.10625 0.228125 0.02734375 0.08359375
3 0.20546875 0.1015625 0.0234375 0.071875
3 0.1734375 0.17109375 0.02265625 0.09140625