3 0.5953125 0.375 0.03046875 0.10546875
3 0.3140625 0.3375 0.03203125 0.1140625
3 0.159375 0.321875 0.02578125 0.1015625
3 0.09140625 0.41328125 0.040625 0.115625
3 0.28515625 0.209375 0.0234375 0.09453125
3 0.79140625 0.7609375 0.0515625 0.15859375
3 0.4234375 0.04609375 0.01953125 0.071875
3 0.36953125 0.671875 0.0359375 0.14453125
3 0.77578125 0.40078125 0.021875 0.1125
3 0.778125 0.253125 0.02578125 0.1015625
3 0.521875 0.575 0.0265625 0.1390625
3 0.71015625 0.59296875 0.03125 0.1359375
3 0.321875 0.4875 0.03515625 0.11953125
3 0.2296875 0.5875 0.034375 0.13359375
3 0.37421875 0.45625 0.0296875 0.115625
3 0.1734375 0.9703125 0.0296875 0.05703125
3 0.4625 0.7703125 0.0328125 0.1484375
1 0.725 0.621875 0.01171875 0.0234375