3 0.790625 0.44921875 0.02734375 0.0734375
3 0.63515625 0.3859375 0.025 0.071875
3 0.61640625 0.47421875 0.03125 0.0625
3 0.96328125 0.9359375 0.0625 0.128125
1 0.3703125 0.5125 0.01015625 0.01640625
3 0.740625 0.4421875 0.02265625 0.07890625
3 0.5078125 0.24921875 0.01953125 0.05390625
3 0.9515625 0.4515625 0.03125 0.078125
3 0.5625 0.4609375 0.02421875 0.078125
3 0.75859375 0.56796875 0.025 0.0890625
3 0.559375 0.6765625 0.04765625 0.103125
3 0.9890625 0.37265625 0.02109375 0.0765625
3 0.5640625 0.36640625 0.015625 0.06953125
3 0.7109375 0.74921875 0.02734375 0.1125
3 0.24453125 0.95 0.040625 0.1
3 0.253125 0.42734375 0.02734375 0.0765625
3 0.19375 0.55703125 0.03125 0.096875
3 0.7828125 0.35546875 0.02421875 0.06640625