3 0.578125 0.6875 0.03828125 0.134375
3 0.62109375 0.92109375 0.04375 0.13828125
3 0.5359375 0.634375 0.03984375 0.13671875
3 0.5703125 0.4265625 0.0203125 0.1140625
1 0.63515625 0.61953125 0.01484375 0.025
3 0.4953125 0.42578125 0.02734375 0.11484375
3 0.3015625 0.40390625 0.02265625 0.12109375
3 0.60078125 0.42734375 0.01796875 0.11171875
3 0.3546875 0.55 0.03125 0.11640625
3 0.378125 0.4265625 0.02421875 0.11328125
3 0.8125 0.428125 0.02890625 0.1140625
3 0.55078125 0.43125 0.02578125 0.1140625
3 0.3421875 0.42421875 0.02109375 0.12578125
3 0.58671875 0.428125 0.01640625 0.11171875
3 0.85078125 0.4359375 0.02734375 0.125
3 0.63359375 0.42734375 0.02265625 0.1234375
3 0.44921875 0.22421875 0.04375 0.115625
3 0.7703125 0.584375 0.0296875 0.11953125
3 0.4390625 0.4234375 0.03046875 0.11640625
3 0.61484375 0.42578125 0.01953125 0.1203125
3 0.31953125 0.43515625 0.01796875 0.121875
3 0.31328125 0.43359375 0.01484375 0.11640625
3 0.5234375 0.44375 0.03046875 0.11484375