1 0.2203125 0.55625 0.01171875 0.01875
3 0.365625 0.59609375 0.0296875 0.1109375
3 0.8421875 0.35078125 0.0234375 0.1
3 0.16796875 0.39609375 0.02734375 0.1015625
3 0.42421875 0.3625 0.025 0.09140625
3 0.990625 0.8046875 0.01640625 0.14453125
3 0.8609375 0.321875 0.01953125 0.0859375
3 0.928125 0.42109375 0.0359375 0.1
3 0.653125 0.55234375 0.03125 0.12109375
3 0.215625 0.61875 0.0296875 0.11328125
3 0.5015625 0.46796875 0.0421875 0.1015625
3 0.6109375 0.20859375 0.01796875 0.075
3 0.6890625 0.9421875 0.03984375 0.115625
3 0.703125 0.0765625 0.01640625 0.05546875
3 0.97890625 0.80546875 0.04140625 0.16015625
3 0.72265625 0.5453125 0.0421875 0.11328125
3 0.03359375 0.2390625 0.0234375 0.08359375