3 0.1296875 0.45703125 0.02890625 0.096875
3 0.3484375 0.47265625 0.02890625 0.090625
3 0.3234375 0.47265625 0.01953125 0.09296875
3 0.99453125 0.4734375 0.0109375 0.1
3 0.675 0.4625 0.03125 0.08359375
3 0.4234375 0.16484375 0.01953125 0.059375
3 0.54375 0.6375 0.03046875 0.10546875
3 0.15625 0.33125 0.02578125 0.08203125
3 0.21875 0.51015625 0.03046875 0.09296875
3 0.6015625 0.26953125 0.03359375 0.0609375
3 0.3921875 0.11484375 0.01328125 0.0515625
3 0.35 0.95625 0.03984375 0.084375
3 0.30390625 0.2609375 0.01875 0.06953125
3 0.44375 0.3375 0.021875 0.075
3 0.2203125 0.34765625 0.02734375 0.0765625
3 0.8765625 0.28984375 0.0296875 0.065625
3 0.60625 0.528125 0.03046875 0.09453125
3 0.74609375 0.67421875 0.0359375 0.10703125
1 0.77265625 0.471875 0.009375 0.015625
3 0.2203125 0.284375 0.021875 0.05703125
3 0.2703125 0.78671875 0.02890625 0.1375