3 0.5921875 0.2140625 0.01484375 0.0640625
3 0.6328125 0.296875 0.01953125 0.06953125
3 0.59375 0.43984375 0.021875 0.09609375
3 0.66953125 0.3515625 0.0203125 0.078125
3 0.5625 0.6625 0.02734375 0.11640625
3 0.39453125 0.33828125 0.028125 0.090625
3 0.6125 0.334375 0.02890625 0.075
3 0.915625 0.2921875 0.028125 0.06796875
3 0.846875 0.403125 0.02109375 0.09296875
3 0.89375 0.71875 0.0359375 0.11796875
3 0.48203125 0.16484375 0.015625 0.05703125
3 0.9734375 0.2921875 0.01953125 0.0765625
3 0.5328125 0.41484375 0.0203125 0.09296875
3 0.2921875 0.559375 0.0265625 0.10859375
3 0.3484375 0.3078125 0.0234375 0.0734375
1 0.3609375 0.3328125 0.0078125 0.015625
3 0.2171875 0.51171875 0.0296875 0.10703125
3 0.41328125 0.896875 0.034375 0.14140625