1 0.60546875 0.775 0.0140625 0.021875
3 0.6234375 0.32109375 0.0234375 0.071875
3 0.309375 0.28046875 0.02109375 0.06953125
3 0.3640625 0.665625 0.03203125 0.10546875
3 0.39375 0.4359375 0.0234375 0.0890625
3 0.09765625 0.740625 0.0296875 0.12890625
3 0.81171875 0.61171875 0.034375 0.09296875
3 0.55859375 0.0875 0.0140625 0.04453125
3 0.43828125 0.22265625 0.0171875 0.05703125
3 0.0265625 0.23828125 0.02578125 0.07109375
3 0.5984375 0.1421875 0.01640625 0.05703125
3 0.52890625 0.4328125 0.03125 0.0875
3 0.384375 0.890625 0.03515625 0.13359375
3 0.73359375 0.40390625 0.01875 0.08359375
3 0.778125 0.228125 0.01875 0.06796875
3 0.6625 0.56953125 0.03046875 0.096875
3 0.334375 0.290625 0.02265625 0.06640625
3 0.803125 0.40078125 0.02265625 0.084375
3 0.5109375 0.42109375 0.02265625 0.078125
3 0.4359375 0.2796875 0.01953125 0.0734375
3 0.165625 0.565625 0.0328125 0.09140625
3 0.3484375 0.39296875 0.02109375 0.078125