3 0.54296875 0.4125 0.02421875 0.11796875
3 0.221875 0.38671875 0.04609375 0.11796875
3 0.40625 0.50234375 0.0375 0.11953125
3 0.559375 0.434375 0.0390625 0.12109375
3 0.984375 0.328125 0.0265625 0.11875
3 0.43984375 0.4234375 0.0390625 0.11796875
3 0.3609375 0.6515625 0.03203125 0.13984375
3 0.171875 0.25703125 0.0265625 0.1046875
3 0.49765625 0.4484375 0.06328125 0.05
3 0.546875 0.6328125 0.03515625 0.15078125
3 0.45234375 0.27109375 0.03671875 0.10859375
3 0.68203125 0.1953125 0.0296875 0.10546875
3 0.8296875 0.3203125 0.0375 0.121875
3 0.01640625 0.45703125 0.02734375 0.140625
3 0.1734375 0.11328125 0.02578125 0.09296875
3 0.13046875 0.5015625 0.04140625 0.11796875
3 0.328125 0.3734375 0.0265625 0.11953125
1 0.45546875 0.36875 0.0125 0.01953125
3 0.69140625 0.45703125 0.03828125 0.13828125