3 0.53828125 0.7625 0.0265625 0.0859375
3 0.6203125 0.45546875 0.01953125 0.078125
3 0.38046875 0.48046875 0.02109375 0.07421875
3 0.97890625 0.46953125 0.02109375 0.07265625
3 0.59921875 0.30703125 0.0171875 0.06328125
3 0.959375 0.3375 0.01796875 0.0671875
3 0.4734375 0.4546875 0.02421875 0.07578125
3 0.10859375 0.4796875 0.02421875 0.0796875
3 0.81171875 0.2546875 0.01796875 0.05703125
3 0.346875 0.79453125 0.03203125 0.10390625
3 0.2953125 0.9296875 0.03515625 0.09140625
3 0.2734375 0.5625 0.0203125 0.08046875
3 0.3296875 0.76953125 0.0296875 0.08984375
3 0.58359375 0.98125 0.025 0.0359375
3 0.9203125 0.30703125 0.0203125 0.06328125
3 0.790625 0.803125 0.02890625 0.10078125
3 0.7953125 0.296875 0.0140625 0.0609375
3 0.4546875 0.36015625 0.01953125 0.059375
3 0.88046875 0.23359375 0.01875 0.05703125
3 0.5171875 0.20546875 0.0171875 0.053125
3 0.396875 0.0859375 0.01328125 0.040625
1 0.37421875 0.84765625 0.0078125 0.01796875
3 0.4421875 0.19140625 0.0171875 0.05390625
3 0.28359375 0.29375 0.0171875 0.0609375
3 0.70234375 0.65703125 0.03203125 0.06875