3 0.38515625 0.4328125 0.01953125 0.08828125
3 0.328125 0.77421875 0.028125 0.12578125
3 0.11875 0.72734375 0.03515625 0.0984375
3 0.6453125 0.43828125 0.025 0.08359375
3 0.7140625 0.4375 0.02265625 0.08828125
3 0.1109375 0.4375 0.02734375 0.08359375
3 0.78125 0.71875 0.0265625 0.109375
3 0.10859375 0.59921875 0.02734375 0.0890625
1 0.4578125 0.33359375 0.0078125 0.01640625
3 0.15078125 0.590625 0.02734375 0.09296875
3 0.3453125 0.42265625 0.02578125 0.07265625
3 0.57109375 0.515625 0.0265625 0.08828125
3 0.45625 0.30078125 0.021875 0.07578125