3 0.48125 0.40390625 0.01875 0.06484375
3 0.51953125 0.3140625 0.0140625 0.05625
3 0.034375 0.390625 0.01875 0.0671875
3 0.25703125 0.2921875 0.01328125 0.05546875
3 0.2203125 0.378125 0.01484375 0.06015625
3 0.459375 0.52734375 0.0234375 0.0734375
3 0.1546875 0.471875 0.01640625 0.0640625
3 0.6109375 0.3453125 0.0234375 0.0484375
1 0.7625 0.3828125 0.009375 0.01171875
3 0.79296875 0.546875 0.02421875 0.07578125
3 0.203125 0.39375 0.0171875 0.06015625
3 0.44375 0.859375 0.02734375 0.09453125
3 0.8296875 0.35625 0.01796875 0.05859375
3 0.2125 0.471875 0.021875 0.07421875
3 0.29609375 0.3203125 0.0140625 0.05390625