3 0.203125 0.48671875 0.0359375 0.0796875
3 0.134375 0.26640625 0.025 0.05703125
3 0.86328125 0.30078125 0.02109375 0.08046875
3 0.5671875 0.44609375 0.03203125 0.084375
3 0.45078125 0.55078125 0.03828125 0.09453125
3 0.59296875 0.82109375 0.04765625 0.11953125
1 0.4421875 0.46484375 0.00703125 0.015625
3 0.8171875 0.378125 0.01796875 0.0875
3 0.84921875 0.46953125 0.021875 0.09609375
3 0.95234375 0.3671875 0.0203125 0.08828125
3 0.3328125 0.8046875 0.034375 0.12109375
3 0.15390625 0.64453125 0.03671875 0.11640625
3 0.27109375 0.36875 0.01796875 0.07109375
3 0.82890625 0.2796875 0.0203125 0.07578125
3 0.45234375 0.42109375 0.0109375 0.04296875
3 0.4578125 0.44296875 0.0328125 0.0890625
3 0.6125 0.36171875 0.0296875 0.0765625
3 0.28828125 0.4078125 0.028125 0.08203125
3 0.9359375 0.4703125 0.0265625 0.09453125