3 0.82265625 0.28125 0.01640625 0.06875
3 0.51953125 0.39140625 0.02265625 0.08515625
3 0.090625 0.30546875 0.0171875 0.07890625
3 0.7015625 0.40078125 0.01953125 0.07421875
3 0.73046875 0.4296875 0.02890625 0.08359375
3 0.2625 0.6234375 0.03125 0.090625
3 0.37109375 0.4859375 0.034375 0.10078125
3 0.56875 0.4765625 0.0265625 0.084375
3 0.63515625 0.80234375 0.0421875 0.1125
3 0.65546875 0.31015625 0.02890625 0.0734375
3 0.7234375 0.359375 0.025 0.07109375
3 0.3671875 0.63515625 0.028125 0.090625
1 0.3109375 0.7 0.00859375 0.01796875
3 0.715625 0.50390625 0.0359375 0.08671875
3 0.734375 0.1515625 0.015625 0.0515625
3 0.30625 0.67578125 0.0328125 0.10859375