3 0.3171875 0.28515625 0.02578125 0.1015625
3 0.596875 0.10390625 0.0171875 0.075
3 0.71171875 0.575 0.03125 0.13046875
3 0.63515625 0.38515625 0.0296875 0.109375
3 0.7296875 0.1953125 0.02109375 0.0875
1 0.29375 0.675 0.0125 0.021875
3 0.61640625 0.31640625 0.0234375 0.10546875
3 0.9640625 0.3390625 0.02578125 0.1109375
3 0.4390625 0.4296875 0.03046875 0.109375
3 0.2828125 0.5984375 0.028125 0.11953125
3 0.7953125 0.390625 0.03359375 0.10859375
3 0.6421875 0.5234375 0.02578125 0.11640625
3 0.6546875 0.6453125 0.02265625 0.12890625
3 0.05625 0.41015625 0.028125 0.11796875