3 0.434375 0.51953125 0.03203125 0.10546875
3 0.31875 0.6265625 0.03828125 0.09453125
3 0.2046875 0.4734375 0.03125 0.071875
3 0.30078125 0.496875 0.0359375 0.10859375
1 0.40625 0.75625 0.0140625 0.02109375
3 0.303125 0.80390625 0.0515625 0.125
3 0.8453125 0.115625 0.01640625 0.05859375
3 0.6046875 0.57578125 0.0375 0.1234375
3 0.95859375 0.21796875 0.025 0.08046875
3 0.828125 0.59765625 0.0359375 0.115625
3 0.6421875 0.49921875 0.03828125 0.10703125
3 0.540625 0.44609375 0.03515625 0.1
3 0.234375 0.31640625 0.02734375 0.0859375
3 0.7328125 0.8265625 0.05625 0.14453125
3 0.50625 0.4078125 0.03515625 0.090625
3 0.7671875 0.60546875 0.0390625 0.11953125
3 0.55234375 0.35078125 0.028125 0.084375
3 0.98515625 0.47734375 0.028125 0.1125