1 0.128125 0.5578125 0.009375 0.015625
3 0.5703125 0.50703125 0.0234375 0.08515625
3 0.2453125 0.46328125 0.0203125 0.075
3 0.58984375 0.32421875 0.01796875 0.065625
3 0.98984375 0.22578125 0.01640625 0.05546875
3 0.5625 0.10078125 0.0109375 0.05
3 0.61171875 0.3140625 0.01640625 0.06171875
3 0.11953125 0.25546875 0.01484375 0.0640625
3 0.290625 0.30859375 0.01640625 0.06484375
3 0.6890625 0.546875 0.0265625 0.08515625
3 0.9046875 0.26171875 0.01796875 0.06015625
3 0.75703125 0.15859375 0.0125 0.046875
3 0.11875 0.5109375 0.02109375 0.084375
3 0.8296875 0.3734375 0.01796875 0.0640625
3 0.38359375 0.36328125 0.01640625 0.0609375