3 0.36171875 0.33125 0.02578125 0.0734375
3 0.71015625 0.48984375 0.021875 0.090625
3 0.53515625 0.31640625 0.01953125 0.078125
3 0.2984375 0.68125 0.02890625 0.1234375
3 0.57890625 0.43515625 0.01875 0.08515625
3 0.3046875 0.515625 0.02421875 0.096875
3 0.44140625 0.28671875 0.0171875 0.07578125
3 0.75859375 0.47578125 0.02421875 0.10625
3 0.45546875 0.353125 0.01953125 0.08046875
3 0.68828125 0.59609375 0.02578125 0.11328125
3 0.21953125 0.48984375 0.0265625 0.0890625
3 0.5359375 0.4296875 0.02109375 0.08671875
3 0.63125 0.39140625 0.0234375 0.09375
3 0.35625 0.41328125 0.0234375 0.084375
3 0.64765625 0.68671875 0.02578125 0.13125
3 0.5140625 0.42421875 0.02109375 0.0859375
3 0.92578125 0.6546875 0.02421875 0.11484375
1 0.3859375 0.35625 0.00859375 0.01640625