3 0.32421875 0.2671875 0.0265625 0.065625
3 0.6640625 0.578125 0.034375 0.1
3 0.825 0.39375 0.02265625 0.08203125
1 0.5265625 0.8375 0.01328125 0.021875
3 0.74375 0.4078125 0.01953125 0.084375
3 0.51171875 0.415625 0.025 0.07890625
3 0.7875 0.2171875 0.02109375 0.06796875
3 0.159375 0.578125 0.0234375 0.09453125
3 0.63359375 0.3078125 0.0234375 0.07890625
3 0.85 0.62265625 0.02890625 0.1015625
3 0.3734375 0.68046875 0.02421875 0.121875
3 0.440625 0.26640625 0.01640625 0.078125
3 0.3640625 0.28125 0.01796875 0.06796875
3 0.6109375 0.12890625 0.01796875 0.05859375
3 0.465625 0.2 0.02109375 0.05859375
3 0.4359375 0.87421875 0.034375 0.12890625
3 0.10703125 0.7421875 0.0375 0.13203125
3 0.35 0.3859375 0.02734375 0.08359375
3 0.55859375 0.42109375 0.028125 0.0890625
3 0.415625 0.4234375 0.02578125 0.0859375
3 0.58125 0.065625 0.01484375 0.04453125
3 0.0375 0.2234375 0.02265625 0.075