3 0.1421875 0.3359375 0.02109375 0.0859375
3 0.2265625 0.22109375 0.02265625 0.071875
3 0.5328125 0.70078125 0.02890625 0.13203125
3 0.346875 0.50546875 0.02578125 0.10546875
3 0.3359375 0.771875 0.03046875 0.13359375
3 0.140625 0.59921875 0.0296875 0.10703125
3 0.321875 0.33125 0.01796875 0.084375
1 0.840625 0.55546875 0.0109375 0.01640625
3 0.409375 0.1828125 0.01796875 0.06796875
3 0.8734375 0.240625 0.0234375 0.071875
3 0.53125 0.478125 0.02578125 0.090625
3 0.01640625 0.67734375 0.0328125 0.12109375
2 0.06328125 0.4640625 0.021875 0.09140625
3 0.871875 0.52734375 0.034375 0.1015625
3 0.5609375 0.28046875 0.02421875 0.078125
3 0.50625 0.87421875 0.0359375 0.12890625