3 0.57265625 0.146875 0.01953125 0.06171875
3 0.54140625 0.10390625 0.01640625 0.05078125
3 0.58515625 0.37890625 0.02890625 0.08828125
3 0.8609375 0.81796875 0.03828125 0.14140625
3 0.47421875 0.38671875 0.02578125 0.09453125
3 0.11875 0.54609375 0.03828125 0.10390625
3 0.3109375 0.34296875 0.03046875 0.078125
3 0.98359375 0.4203125 0.02890625 0.0984375
3 0.42578125 0.53359375 0.034375 0.0953125
3 0.80859375 0.5140625 0.03515625 0.1109375
3 0.375 0.77578125 0.0328125 0.125
3 0.975 0.21796875 0.0203125 0.07421875
3 0.32421875 0.68125 0.03828125 0.12890625
3 0.409375 0.46328125 0.02890625 0.10390625
3 0.75234375 0.44140625 0.0359375 0.09375
3 0.65859375 0.26640625 0.021875 0.078125
3 0.56796875 0.9359375 0.03515625 0.12421875
3 0.1640625 0.428125 0.03203125 0.0890625
3 0.2296875 0.425 0.03671875 0.09296875
3 0.6828125 0.2703125 0.02421875 0.0796875
3 0.47421875 0.21875 0.0234375 0.06875
1 0.2015625 0.53203125 0.01328125 0.028125