3 0.9078125 0.31328125 0.021875 0.07578125
3 0.2265625 0.7140625 0.028125 0.096875
3 0.09921875 0.63359375 0.025 0.11015625
3 0.04921875 0.86640625 0.0375 0.11953125
3 0.57578125 0.50390625 0.02265625 0.0890625
1 0.5921875 0.45078125 0.0078125 0.01328125
3 0.1765625 0.46796875 0.03203125 0.08125
3 0.50859375 0.4921875 0.025 0.07578125
3 0.13125 0.6125 0.0296875 0.0890625
3 0.296875 0.38671875 0.02265625 0.06875
3 0.390625 0.50078125 0.02265625 0.08125
3 0.18984375 0.74140625 0.025 0.1109375
3 0.375 0.296875 0.01796875 0.06796875
3 0.51328125 0.6375 0.0296875 0.09375
3 0.8796875 0.675 0.02421875 0.1078125
3 0.60078125 0.41484375 0.02265625 0.07421875
3 0.4859375 0.9640625 0.028125 0.06875