3 0.8859375 0.21875 0.01640625 0.05703125
3 0.76015625 0.48828125 0.0203125 0.08203125
3 0.6125 0.26171875 0.01796875 0.059375
3 0.58828125 0.98125 0.025 0.034375
3 0.496875 0.384375 0.0203125 0.06640625
3 0.62890625 0.6015625 0.021875 0.08046875
3 0.20078125 0.70078125 0.0328125 0.09296875
3 0.79453125 0.359375 0.0140625 0.06953125
3 0.22890625 0.4953125 0.034375 0.08203125
3 0.76875 0.384375 0.015625 0.07109375
3 0.6234375 0.73515625 0.02421875 0.10390625
3 0.37421875 0.25625 0.0203125 0.059375
3 0.9578125 0.4171875 0.02890625 0.0765625
3 0.76875 0.61015625 0.0234375 0.0875
1 0.24375 0.52578125 0.00703125 0.0125
3 0.74921875 0.321875 0.0171875 0.0625
3 0.240625 0.4125 0.02734375 0.06953125
3 0.990625 0.4640625 0.01875 0.078125
3 0.9640625 0.2703125 0.02109375 0.065625
3 0.6671875 0.16328125 0.015625 0.04609375
3 0.3921875 0.11875 0.0125 0.04296875