3 0.1859375 0.9515625 0.03046875 0.090625
3 0.11640625 0.3515625 0.025 0.0796875
3 0.2875 0.30078125 0.01796875 0.06875
3 0.55546875 0.925 0.03984375 0.140625
3 0.8296875 0.36953125 0.0171875 0.08125
3 0.0375 0.58046875 0.03984375 0.1109375
3 0.55703125 0.64453125 0.04140625 0.11171875
3 0.75859375 0.67890625 0.03515625 0.10859375
3 0.08984375 0.1359375 0.01875 0.05390625
3 0.53671875 0.6 0.02890625 0.0984375
3 0.95859375 0.48671875 0.02890625 0.0953125
3 0.496875 0.3359375 0.02109375 0.08203125
3 0.528125 0.34765625 0.021875 0.0734375
3 0.73984375 0.29140625 0.02734375 0.10546875
3 0.29296875 0.803125 0.03359375 0.08515625
3 0.12421875 0.94375 0.0375 0.1046875
3 0.03671875 0.27890625 0.02734375 0.07109375
3 0.3421875 0.78515625 0.03515625 0.09453125
3 0.53203125 0.2265625 0.01875 0.06484375
1 0.290625 0.846875 0.01171875 0.02109375
3 0.64140625 0.22890625 0.01640625 0.065625
3 0.8140625 0.34609375 0.01953125 0.08359375
3 0.40078125 0.17421875 0.0171875 0.0515625