3 0.62265625 0.98046875 0.03125 0.03671875
3 0.60234375 0.10078125 0.01875 0.05390625
3 0.35703125 0.50390625 0.03046875 0.10859375
3 0.92734375 0.96640625 0.04921875 0.06171875
3 0.5375 0.721875 0.03359375 0.140625
3 0.37421875 0.05859375 0.015625 0.05546875
3 0.484375 0.46640625 0.0328125 0.09375
3 0.00703125 0.42578125 0.0140625 0.1140625
3 0.95390625 0.21015625 0.01953125 0.06875
3 0.45 0.89921875 0.03828125 0.16171875
3 0.6625 0.82578125 0.03828125 0.14921875
3 0.2578125 0.25703125 0.02578125 0.08203125
3 0.6234375 0.371875 0.02890625 0.08828125
3 0.21484375 0.18671875 0.01953125 0.06171875
3 0.98984375 0.27265625 0.0203125 0.08046875
3 0.7265625 0.22109375 0.028125 0.06640625
3 0.29375 0.60078125 0.03203125 0.1109375
3 0.57890625 0.43671875 0.03359375 0.0953125
3 0.88828125 0.44375 0.02890625 0.11015625
1 0.47265625 0.496875 0.01171875 0.01953125
3 0.4734375 0.35859375 0.03359375 0.08046875