3 0.5984375 0.340625 0.03046875 0.07890625
3 0.984375 0.64453125 0.0265625 0.14140625
3 0.7390625 0.49296875 0.04921875 0.1
3 0.37421875 0.57890625 0.0375 0.10546875
3 0.68203125 0.61171875 0.028125 0.12109375
3 0.79765625 0.12265625 0.01875 0.065625
3 0.321875 0.84453125 0.04453125 0.14140625
3 0.03359375 0.58671875 0.04375 0.115625
3 0.8140625 0.871875 0.04921875 0.16640625
3 0.5765625 0.48515625 0.03828125 0.08203125
3 0.1390625 0.56640625 0.0390625 0.121875
3 0.1296875 0.33671875 0.02421875 0.07890625
1 0.61640625 0.5640625 0.0109375 0.01640625
3 0.27890625 0.69609375 0.0359375 0.121875
3 0.65390625 0.40234375 0.04375 0.084375
3 0.6109375 0.528125 0.04453125 0.09609375
3 0.940625 0.221875 0.02265625 0.08046875
3 0.825 0.6484375 0.03359375 0.13046875