3 0.43828125 0.48046875 0.025 0.1046875
3 0.43515625 0.29375 0.02265625 0.078125
3 0.365625 0.32109375 0.02109375 0.084375
3 0.26875 0.4109375 0.03046875 0.08125
3 0.17265625 0.54765625 0.04765625 0.1140625
3 0.984375 0.07890625 0.028125 0.15703125
3 0.88125 0.33515625 0.01953125 0.09140625
3 0.4828125 0.38515625 0.0203125 0.0859375
3 0.14140625 0.64375 0.02578125 0.11171875
3 0.421875 0.38828125 0.02578125 0.0890625
3 0.534375 0.32265625 0.02578125 0.08359375
3 0.13203125 0.7140625 0.0328125 0.1203125
3 0.31328125 0.2703125 0.021875 0.06640625
3 0.703125 0.55234375 0.02734375 0.10625
1 0.57109375 0.34296875 0.00703125 0.015625
3 0.584375 0.3140625 0.0203125 0.06875
3 0.89375 0.45390625 0.034375 0.10390625
3 0.59296875 0.3421875 0.0265625 0.096875
3 0.92890625 0.54453125 0.02421875 0.1171875
3 0.725 0.340625 0.0265625 0.08515625
3 0.490625 0.50625 0.021875 0.1