3 0.65703125 0.0203125 0.01484375 0.040625
3 0.65703125 0.4234375 0.03203125 0.109375
3 0.14765625 0.590625 0.04140625 0.12109375
3 0.6390625 0.22265625 0.021875 0.0953125
3 0.70859375 0.796875 0.04140625 0.165625
3 0.334375 0.59765625 0.03984375 0.096875
3 0.01875 0.30546875 0.028125 0.11484375
3 0.98828125 0.26875 0.02265625 0.1109375
3 0.53046875 0.96640625 0.02890625 0.05625
3 0.38515625 0.38671875 0.028125 0.1109375
3 0.57421875 0.1765625 0.01953125 0.084375
3 0.45625 0.3796875 0.02734375 0.11640625
1 0.23984375 0.6796875 0.01640625 0.02578125
3 0.7578125 0.20078125 0.021875 0.0765625
3 0.3015625 0.19453125 0.02109375 0.0859375
3 0.965625 0.034375 0.02109375 0.06328125
3 0.9765625 0.946875 0.04296875 0.10546875
3 0.909375 0.7609375 0.0484375 0.140625
3 0.80078125 0.09296875 0.02421875 0.07109375
3 0.1546875 0.95390625 0.03671875 0.08828125