3 0.33515625 0.40234375 0.0296875 0.12109375
3 0.484375 0.52109375 0.03359375 0.13046875
3 0.171875 0.571875 0.04140625 0.1359375
3 0.5875 0.6109375 0.02734375 0.1390625
3 0.60703125 0.1609375 0.028125 0.09453125
3 0.97421875 0.92109375 0.0515625 0.1578125
3 0.525 0.05625 0.0203125 0.08203125
3 0.57265625 0.24609375 0.021875 0.10546875
3 0.8234375 0.3328125 0.0265625 0.11796875
3 0.54453125 0.51015625 0.034375 0.13203125
3 0.6171875 0.309375 0.02578125 0.10859375
3 0.06484375 0.40078125 0.03125 0.12890625
3 0.86875 0.353125 0.03671875 0.109375
3 0.24140625 0.27734375 0.028125 0.115625
1 0.21875 0.62109375 0.0140625 0.025