3 0.1109375 0.54375 0.03125 0.0859375
3 0.0078125 0.37421875 0.01328125 0.0609375
3 0.715625 0.26953125 0.0203125 0.06015625
3 0.9203125 0.74375 0.0359375 0.09296875
3 0.27109375 0.4078125 0.02734375 0.075
3 0.95859375 0.40625 0.02421875 0.06796875
3 0.3625 0.52734375 0.02734375 0.08203125
3 0.66640625 0.80078125 0.03046875 0.1
1 0.44375 0.2984375 0.01171875 0.02109375
3 0.9515625 0.734375 0.02890625 0.1
3 0.4171875 0.56328125 0.02421875 0.071875
3 0.00625 0.459375 0.0109375 0.09296875
3 0.846875 0.19921875 0.0203125 0.05625
3 0.5625 0.146875 0.0171875 0.046875
3 0.22109375 0.22578125 0.01796875 0.059375
3 0.403125 0.38671875 0.01953125 0.0703125
3 0.5640625 0.45546875 0.0265625 0.08046875
3 0.8515625 0.3859375 0.01875 0.075
3 0.42890625 0.73125 0.03671875 0.09453125