3 0.7859375 0.3109375 0.0359375 0.08046875
3 0.596875 0.5015625 0.02421875 0.103125
3 0.0828125 0.88125 0.04375 0.159375
1 0.7390625 0.428125 0.00859375 0.01640625
3 0.49375 0.38359375 0.0234375 0.0890625
3 0.428125 0.28046875 0.02109375 0.075
3 0.565625 0.49140625 0.03515625 0.0890625
3 0.8578125 0.4671875 0.02421875 0.109375
3 0.5109375 0.7828125 0.03125 0.109375
3 0.515625 0.1578125 0.01953125 0.0625
3 0.5 0.82578125 0.03359375 0.15703125
3 0.76015625 0.396875 0.04375 0.0859375
3 0.2390625 0.45078125 0.02890625 0.0984375
3 0.7203125 0.2625 0.0203125 0.078125
3 0.1234375 0.5671875 0.03125 0.10703125
3 0.6 0.328125 0.02421875 0.0765625
3 0.65390625 0.6046875 0.034375 0.115625
3 0.3265625 0.371875 0.03359375 0.09609375