3 0.45078125 0.9390625 0.03828125 0.12109375
3 0.434375 0.3109375 0.01953125 0.06171875
3 0.00625 0.28359375 0.0125 0.06796875
3 0.11328125 0.33359375 0.028125 0.08046875
3 0.4828125 0.58984375 0.0421875 0.10390625
3 0.58359375 0.64921875 0.028125 0.10390625
3 0.45546875 0.290625 0.0203125 0.06953125
3 0.565625 0.421875 0.02421875 0.084375
3 0.24765625 0.56015625 0.0265625 0.1
1 0.49453125 0.353125 0.0078125 0.01484375
3 0.49921875 0.4 0.02578125 0.0796875
3 0.25 0.4140625 0.02578125 0.08359375
3 0.08515625 0.303125 0.02578125 0.07890625
3 0.4890625 0.30703125 0.0265625 0.0609375