1 0.51796875 0.428125 0.0078125 0.0140625
3 0.5125 0.38359375 0.02109375 0.0609375
3 0.5171875 0.40625 0.04140625 0.0765625
3 0.08203125 0.93203125 0.0578125 0.13359375
3 0.28046875 0.4515625 0.025 0.0859375
3 0.5625 0.34140625 0.02734375 0.06953125
3 0.20703125 0.5046875 0.028125 0.109375
3 0.0796875 0.34375 0.0375 0.0875
3 0.55625 0.5140625 0.04453125 0.09453125
3 0.37734375 0.26484375 0.0171875 0.0625
3 0.1890625 0.328125 0.025 0.075
3 0.2859375 0.31171875 0.028125 0.07890625
3 0.3140625 0.3296875 0.02890625 0.0765625
3 0.3703125 0.53203125 0.02890625 0.1109375
3 0.41171875 0.73203125 0.0421875 0.11640625