3 0.42890625 0.32421875 0.025 0.07109375
3 0.8875 0.19609375 0.01796875 0.0609375
3 0.3890625 0.24609375 0.02109375 0.05859375
3 0.365625 0.38125 0.02421875 0.065625
3 0.5328125 0.0625 0.01875 0.05
3 0.775 0.553125 0.02734375 0.07890625
3 0.190625 0.31640625 0.02421875 0.0640625
3 0.1765625 0.45234375 0.03203125 0.065625
3 0.8703125 0.49296875 0.02265625 0.08359375
3 0.6359375 0.53046875 0.0234375 0.08359375
3 0.2515625 0.03515625 0.015625 0.034375
3 0.2125 0.4453125 0.03046875 0.06796875
3 0.14609375 0.33671875 0.0234375 0.0734375
3 0.7921875 0.28828125 0.0203125 0.06796875
1 0.6875 0.8671875 0.0109375 0.01796875
3 0.66171875 0.32109375 0.01875 0.0640625
3 0.715625 0.8515625 0.03984375 0.103125
3 0.565625 0.59609375 0.02578125 0.078125
3 0.153125 0.653125 0.03515625 0.071875
3 0.1921875 0.2640625 0.0234375 0.0609375
3 0.1171875 0.6625 0.03671875 0.0859375
3 0.278125 0.159375 0.0171875 0.05390625
3 0.603125 0.403125 0.02265625 0.0625