3 0.41875 0.63671875 0.0359375 0.128125
3 0.55546875 0.2 0.025 0.06640625
3 0.68203125 0.73203125 0.03125 0.14296875
3 0.26171875 0.2109375 0.028125 0.07578125
3 0.334375 0.8484375 0.03671875 0.15078125
3 0.95625 0.19921875 0.0296875 0.08125
1 0.60703125 0.590625 0.01484375 0.0234375
3 0.36640625 0.03125 0.01640625 0.05390625
3 0.22265625 0.22578125 0.0265625 0.0796875
3 0.45234375 0.38671875 0.03125 0.08125
3 0.590625 0.275 0.02109375 0.08671875
3 0.18125 0.45546875 0.03515625 0.10078125
3 0.71796875 0.1578125 0.01875 0.07109375
3 0.7640625 0.25234375 0.02109375 0.0734375
3 0.953125 0.4390625 0.02890625 0.109375
3 0.515625 0.2859375 0.02421875 0.0859375
3 0.5328125 0.909375 0.03046875 0.134375
3 0.365625 0.1140625 0.02109375 0.0484375
3 0.75390625 0.890625 0.03671875 0.15078125
3 0.6046875 0.24609375 0.02421875 0.07109375
3 0.471875 0.06875 0.021875 0.05703125
3 0.178125 0.3046875 0.0328125 0.0890625
3 0.57421875 0.1296875 0.01796875 0.06328125
3 0.47890625 0.51875 0.03515625 0.0953125
3 0.3796875 0.378125 0.03359375 0.103125