3 0.5515625 0.2125 0.01484375 0.0640625
3 0.4921875 0.4078125 0.01796875 0.090625
3 0.5703125 0.42265625 0.03359375 0.08203125
3 0.16640625 0.51171875 0.025 0.10703125
3 0.52734375 0.66015625 0.025 0.11796875
3 0.35703125 0.32734375 0.0234375 0.08203125
3 0.91328125 0.2953125 0.01875 0.0765625
3 0.584375 0.340625 0.03046875 0.0734375
3 0.31328125 0.3015625 0.0234375 0.06953125
1 0.3328125 0.3265625 0.00859375 0.0109375
3 0.440625 0.178125 0.01796875 0.05703125
3 0.8 0.409375 0.02421875 0.0859375
3 0.44375 0.88828125 0.0328125 0.14609375
3 0.52265625 0.33515625 0.021875 0.0734375
3 0.60625 0.28515625 0.01953125 0.065625
3 0.83359375 0.296875 0.025 0.0734375
3 0.9359375 0.46328125 0.0296875 0.09609375
3 0.2453125 0.55234375 0.0265625 0.10390625
3 0.840625 0.7109375 0.03125 0.11640625