3 0.53828125 0.64375 0.02578125 0.0984375
3 0.49921875 0.42578125 0.01953125 0.06953125
3 0.4578125 0.4359375 0.02578125 0.07421875
3 0.12265625 0.5359375 0.02890625 0.103125
3 0.69375 0.4890625 0.0203125 0.08828125
1 0.50859375 0.4453125 0.00703125 0.01484375
3 0.49140625 0.28125 0.01640625 0.0640625
3 0.92734375 0.646875 0.02734375 0.0984375
3 0.1703125 0.45390625 0.0203125 0.08984375
3 0.51796875 0.11640625 0.01640625 0.053125
3 0.52734375 0.4515625 0.03046875 0.08515625
3 0.70546875 0.459375 0.01953125 0.075
3 0.303125 0.3828125 0.01953125 0.08203125
3 0.71484375 0.6515625 0.028125 0.10546875
3 0.58046875 0.509375 0.01953125 0.09140625
3 0.4421875 0.63359375 0.03203125 0.1