3 0.375 0.678125 0.0390625 0.10703125
3 0.715625 0.490625 0.02734375 0.0984375
3 0.51640625 0.33046875 0.01953125 0.0765625
3 0.209375 0.321875 0.0203125 0.075
1 0.4125 0.31171875 0.00703125 0.01171875
3 0.41953125 0.26171875 0.01875 0.06796875
3 0.90859375 0.3875 0.0203125 0.08359375
3 0.47109375 0.3890625 0.0234375 0.075
3 0.3359375 0.203125 0.01875 0.06328125
3 0.8578125 0.603125 0.0265625 0.10546875
3 0.496875 0.86171875 0.0359375 0.11640625
3 0.2359375 0.38046875 0.0234375 0.08359375
3 0.35859375 0.409375 0.02265625 0.07578125
3 0.24375 0.47734375 0.0203125 0.08984375