3 0.18359375 0.48984375 0.02421875 0.0890625
3 0.6359375 0.55390625 0.03125 0.09609375
3 0.0203125 0.42578125 0.028125 0.0890625
3 0.08359375 0.56171875 0.02421875 0.09921875
3 0.13828125 0.30703125 0.01640625 0.07265625
3 0.38125 0.3390625 0.02109375 0.07890625
3 0.5625 0.49296875 0.0203125 0.0984375
3 0.60546875 0.31875 0.0359375 0.059375
3 0.765625 0.37734375 0.0234375 0.078125
3 0.94375 0.5703125 0.02734375 0.10546875
3 0.4015625 0.3484375 0.0203125 0.07421875
3 0.10859375 0.28828125 0.015625 0.0734375
3 0.8640625 0.3328125 0.01640625 0.07890625
3 0.55546875 0.33984375 0.0203125 0.06875
3 0.3203125 0.4078125 0.0265625 0.084375
3 0.03984375 0.26796875 0.01953125 0.0625