3 0.9203125 0.51875 0.03515625 0.12421875
3 0.4296875 0.34375 0.02265625 0.0953125
3 0.97578125 0.9203125 0.04140625 0.159375
3 0.4671875 0.22265625 0.01640625 0.08203125
3 0.11640625 0.39375 0.02890625 0.11328125
3 0.99375 0.59921875 0.0125 0.1109375
3 0.6625 0.22421875 0.02109375 0.07890625
1 0.23359375 0.24609375 0.00859375 0.01328125
3 0.9078125 0.3609375 0.02265625 0.1
3 0.221875 0.234375 0.03125 0.0734375
3 0.80078125 0.29453125 0.02265625 0.1
3 0.86875 0.40546875 0.02890625 0.109375
3 0.49296875 0.22109375 0.02734375 0.07578125
3 0.196875 0.23125 0.01953125 0.07890625
3 0.62890625 0.32890625 0.021875 0.09296875
3 0.58046875 0.53828125 0.028125 0.1203125
3 0.24296875 0.16796875 0.0203125 0.071875