3 0.7296875 0.5328125 0.03046875 0.1046875
3 0.2390625 0.4125 0.0328125 0.1046875
3 0.87578125 0.2375 0.02265625 0.08203125
3 0.9921875 0.45390625 0.01484375 0.10859375
3 0.209375 0.34140625 0.02578125 0.09609375
3 0.5515625 0.32109375 0.0203125 0.08828125
3 0.84296875 0.9390625 0.05234375 0.115625
3 0.6890625 0.81796875 0.03671875 0.1453125
3 0.8796875 0.13046875 0.01953125 0.06640625
3 0.64921875 0.52109375 0.02578125 0.12421875
3 0.7171875 0.39765625 0.03046875 0.103125
3 0.98984375 0.2265625 0.01875 0.08671875
3 0.50234375 0.4890625 0.025 0.11015625
3 0.29375 0.54453125 0.02890625 0.115625