3 0.278125 0.34296875 0.03125 0.1
3 0.5 0.46796875 0.05390625 0.03515625
3 0.52734375 0.22578125 0.03671875 0.1015625
3 0.303125 0.13203125 0.01953125 0.08671875
3 0.18515625 0.34921875 0.04140625 0.115625
3 0.7140625 0.315625 0.03984375 0.11171875
3 0.83828125 0.3921875 0.03671875 0.11796875
3 0.8 0.60859375 0.034375 0.13671875
3 0.95234375 0.27578125 0.028125 0.10546875
3 0.76953125 0.340625 0.03359375 0.1109375
3 0.2375 0.54140625 0.03828125 0.1234375
3 0.53359375 0.43671875 0.03203125 0.11328125
3 0.6765625 0.48359375 0.04140625 0.11953125
3 0.66796875 0.37890625 0.034375 0.11796875