3 0.6921875 0.33828125 0.02109375 0.0765625
3 0.340625 0.89609375 0.04296875 0.13359375
3 0.9515625 0.27421875 0.021875 0.0734375
3 0.6 0.65859375 0.02578125 0.11640625
3 0.41640625 0.36953125 0.021875 0.08046875
3 0.8859375 0.40078125 0.02578125 0.09296875
3 0.721875 0.36796875 0.01875 0.0859375
1 0.3875 0.346875 0.00859375 0.015625
3 0.3734375 0.325 0.01875 0.075
3 0.634375 0.215625 0.01640625 0.0625
3 0.56171875 0.42890625 0.0203125 0.0890625
3 0.5125 0.15078125 0.01796875 0.05703125
3 0.3359375 0.571875 0.02734375 0.1140625
3 0.6140625 0.4671875 0.02578125 0.0984375
3 0.9109375 0.72109375 0.03046875 0.11640625
3 0.271875 0.50390625 0.0359375 0.1
3 0.6546875 0.30078125 0.01875 0.0765625