3 0.3671875 0.940625 0.03125 0.1109375
3 0.48515625 0.58671875 0.03046875 0.11015625
3 0.08828125 0.48671875 0.02890625 0.10390625
1 0.22890625 0.8203125 0.01171875 0.02421875
3 0.3078125 0.9015625 0.0390625 0.15
3 0.52109375 0.634375 0.04296875 0.11484375
3 0.98984375 0.35390625 0.0171875 0.11328125
3 0.74375 0.9046875 0.0453125 0.14453125
3 0.7828125 0.73203125 0.05 0.13359375
3 0.81640625 0.7265625 0.0296875 0.13359375
3 0.47109375 0.30703125 0.02265625 0.078125
3 0.27578125 0.80390625 0.03359375 0.12890625
3 0.421875 0.79140625 0.046875 0.12109375
3 0.63125 0.3203125 0.02421875 0.078125
3 0.25703125 0.3234375 0.028125 0.06640625
3 0.5625 0.1375 0.01640625 0.053125
3 0.821875 0.20859375 0.0171875 0.07109375
3 0.60234375 0.3546875 0.02578125 0.0796875
3 0.67890625 0.19296875 0.0171875 0.065625
3 0.921875 0.2515625 0.0203125 0.07109375
3 0.10390625 0.61484375 0.034375 0.12421875
3 0.928125 0.2859375 0.01953125 0.084375
3 0.190625 0.240625 0.03046875 0.071875