3 0.1046875 0.37734375 0.01640625 0.07265625
3 0.50546875 0.37734375 0.0171875 0.06171875
3 0.4140625 0.259375 0.0140625 0.059375
3 0.771875 0.30703125 0.015625 0.06484375
3 0.10390625 0.16875 0.0140625 0.04609375
3 0.15625 0.590625 0.02265625 0.09609375
3 0.97421875 0.61015625 0.021875 0.0875
3 0.85546875 0.840625 0.0296875 0.11328125
3 0.58515625 0.16796875 0.0140625 0.0515625
3 0.328125 0.43046875 0.015625 0.07265625
3 0.7390625 0.3484375 0.01484375 0.0640625
3 0.20625 0.25 0.015625 0.0609375
3 0.6671875 0.23203125 0.0171875 0.05390625
3 0.5328125 0.3328125 0.0171875 0.06796875
3 0.821875 0.375 0.01640625 0.071875
1 0.30625 0.5265625 0.0078125 0.015625
3 0.77421875 0.46171875 0.02421875 0.08125
3 0.63203125 0.24609375 0.01640625 0.06015625
3 0.44296875 0.34609375 0.01796875 0.071875
3 0.534375 0.609375 0.0203125 0.0953125
3 0.603125 0.3015625 0.015625 0.0640625
3 0.7265625 0.47421875 0.02734375 0.07890625
3 0.28671875 0.4859375 0.01875 0.075