3 0.9859375 0.925 0.028125 0.09140625
3 0.5828125 0.32890625 0.02265625 0.059375
3 0.6765625 0.21953125 0.01875 0.046875
3 0.703125 0.56953125 0.034375 0.07265625
3 0.39921875 0.23046875 0.0125 0.046875
3 0.16796875 0.240625 0.01328125 0.05078125
3 0.56484375 0.4046875 0.0171875 0.05859375
3 0.78359375 0.54140625 0.028125 0.06640625
1 0.5546875 0.88125 0.0078125 0.01953125
3 0.23203125 0.1359375 0.01171875 0.040625
3 0.86640625 0.60703125 0.03046875 0.07578125
3 0.59375 0.51875 0.028125 0.0765625
3 0.83515625 0.96875 0.02890625 0.0609375
3 0.58515625 0.2875 0.01875 0.03828125
3 0.6375 0.215625 0.01484375 0.0484375
3 0.61328125 0.18828125 0.015625 0.046875
3 0.09921875 0.96796875 0.03046875 0.06328125
3 0.509375 0.603125 0.0328125 0.075
3 0.26875 0.3140625 0.0125 0.05390625
3 0.3171875 0.17421875 0.0140625 0.0453125
3 0.26015625 0.2765625 0.01640625 0.05078125
3 0.19140625 0.5390625 0.021875 0.084375
3 0.3078125 0.43828125 0.01953125 0.059375
3 0.7921875 0.4734375 0.03125 0.07109375
3 0.5859375 0.88203125 0.02890625 0.10703125
3 0.71796875 0.2875 0.01953125 0.05234375