3 0.6921875 0.725 0.0609375 0.15
3 0.3875 0.9328125 0.04296875 0.134375
3 0.81484375 0.3796875 0.0328125 0.10703125
3 0.1921875 0.42734375 0.02734375 0.115625
3 0.240625 0.653125 0.0296875 0.12890625
3 0.275 0.353125 0.02890625 0.1015625
1 0.796875 0.775 0.01484375 0.021875
3 0.1484375 0.671875 0.03203125 0.14296875
3 0.28125 0.221875 0.01953125 0.09140625
3 0.47421875 0.5078125 0.0359375 0.12109375
3 0.2453125 0.24140625 0.02265625 0.103125
3 0.7921875 0.721875 0.04921875 0.14140625
3 0.6296875 0.24609375 0.025 0.09453125
3 0.6046875 0.428125 0.025 0.10546875