3 0.1171875 0.496875 0.02421875 0.08203125
3 0.3 0.3171875 0.01953125 0.06953125
3 0.77890625 0.54140625 0.021875 0.08046875
3 0.88515625 0.36171875 0.01796875 0.065625
3 0.6046875 0.30390625 0.01640625 0.0640625
3 0.6234375 0.2953125 0.015625 0.06328125
1 0.13984375 0.5359375 0.009375 0.01640625
3 0.31484375 0.4421875 0.021875 0.07109375
3 0.58828125 0.1109375 0.01640625 0.0484375
3 0.4015625 0.35234375 0.015625 0.06171875
3 0.1359375 0.25546875 0.0171875 0.0609375
3 0.68984375 0.56328125 0.03046875 0.08359375
3 0.80234375 0.16171875 0.01328125 0.05078125
3 0.9765625 0.26953125 0.0171875 0.0609375