3 0.725 0.490625 0.03203125 0.09296875
3 0.25 0.20234375 0.02265625 0.065625
3 0.76484375 0.18828125 0.0171875 0.0625
3 0.76640625 0.465625 0.028125 0.0859375
3 0.821875 0.0203125 0.01640625 0.040625
3 0.51875 0.4421875 0.02578125 0.084375
3 0.9390625 0.58671875 0.0296875 0.09296875
3 0.2515625 0.67890625 0.028125 0.09453125
3 0.6421875 0.2828125 0.02109375 0.0734375
3 0.78046875 0.309375 0.025 0.0734375
3 0.64453125 0.74765625 0.0375 0.1015625
1 0.209375 0.725 0.01015625 0.01953125
3 0.56875 0.6765625 0.03515625 0.0890625
3 0.76875 0.91171875 0.03515625 0.115625
3 0.54296875 0.49609375 0.021875 0.09140625
3 0.50625 0.60859375 0.0296875 0.09140625
3 0.3234375 0.6703125 0.03828125 0.0875