3 0.32890625 0.478125 0.021875 0.05703125
3 0.334375 0.66015625 0.03515625 0.0875
3 0.509375 0.39140625 0.02265625 0.05859375
3 0.5546875 0.3609375 0.02421875 0.06953125
3 0.2046875 0.4140625 0.01875 0.075
3 0.38359375 0.40859375 0.0203125 0.05
3 0.9453125 0.4625 0.021875 0.078125
3 0.77734375 0.309375 0.0203125 0.06796875
3 0.321875 0.35 0.01953125 0.06953125
1 0.44765625 0.43125 0.0078125 0.015625
3 0.8515625 0.378125 0.02265625 0.075
3 0.88125 0.428125 0.028125 0.08046875
3 0.4296875 0.30859375 0.01796875 0.05859375
3 0.9171875 0.34453125 0.01796875 0.06640625
3 0.55546875 0.61328125 0.034375 0.0875
3 0.459375 0.396875 0.0203125 0.06953125
3 0.34453125 0.44375 0.0171875 0.0625
3 0.5984375 0.36640625 0.01796875 0.06953125
3 0.4171875 0.415625 0.01796875 0.0515625
3 0.59921875 0.46796875 0.015625 0.08046875
3 0.26875 0.2609375 0.01328125 0.053125
3 0.39921875 0.3484375 0.025 0.06640625