3 0.62109375 0.4703125 0.03359375 0.090625
3 0.5078125 0.6859375 0.034375 0.1203125
3 0.00859375 0.73125 0.0171875 0.11328125
3 0.92734375 0.8671875 0.0359375 0.12578125
3 0.4828125 0.43828125 0.0296875 0.09296875
3 0.7375 0.340625 0.02109375 0.07421875
3 0.39140625 0.2984375 0.0265625 0.06953125
1 0.4375 0.328125 0.00625 0.01484375
3 0.6359375 0.62734375 0.03359375 0.0984375
3 0.79609375 0.421875 0.028125 0.08828125
3 0.7390625 0.40703125 0.02578125 0.08359375
3 0.4546875 0.56796875 0.02890625 0.10625
3 0.0375 0.51875 0.034375 0.10078125
3 0.82734375 0.61328125 0.04453125 0.10625
3 0.05234375 0.3921875 0.02890625 0.0890625
3 0.76484375 0.890625 0.034375 0.13984375