3 0.91640625 0.396875 0.02109375 0.08203125
3 0.653125 0.35703125 0.01796875 0.0703125
3 0.6875 0.34140625 0.02109375 0.07109375
3 0.865625 0.68515625 0.02421875 0.109375
3 0.228125 0.2875 0.02109375 0.06015625
3 0.2875 0.2578125 0.01640625 0.06015625
3 0.62265625 0.54765625 0.02265625 0.09375
3 0.671875 0.434375 0.01796875 0.07890625
3 0.83515625 0.50859375 0.02890625 0.08203125
3 0.8078125 0.93359375 0.03828125 0.1265625
3 0.8703125 0.47890625 0.02109375 0.08046875
3 0.50859375 0.28515625 0.0171875 0.05546875
3 0.4484375 0.334375 0.01875 0.06328125
3 0.5578125 0.29609375 0.0171875 0.06171875
3 0.3859375 0.32734375 0.02265625 0.065625
3 0.32421875 0.4125 0.028125 0.06171875
3 0.32578125 0.3625 0.02265625 0.06796875
3 0.34140625 0.30703125 0.01484375 0.06171875
3 0.309375 0.69453125 0.02734375 0.10703125
3 0.79453125 0.6078125 0.025 0.10625
3 0.1125 0.51875 0.021875 0.096875
3 0.36640625 0.39296875 0.01640625 0.071875