3 0.74765625 0.9390625 0.0578125 0.121875
3 0.98671875 0.37265625 0.0234375 0.08203125
3 0.5375 0.55 0.025 0.09140625
3 0.6859375 0.37578125 0.0234375 0.0734375
1 0.4328125 0.459375 0.009375 0.01640625
3 0.35703125 0.52421875 0.025 0.08203125
3 0.38828125 0.4484375 0.0359375 0.078125
3 0.596875 0.22578125 0.01640625 0.05703125
3 0.8265625 0.46875 0.03125 0.0765625
3 0.8078125 0.434375 0.021875 0.0734375
3 0.62734375 0.5875 0.0296875 0.09453125
3 0.75390625 0.31953125 0.021875 0.0609375
3 0.878125 0.48671875 0.0328125 0.0875
3 0.4578125 0.78828125 0.03984375 0.09609375
3 0.3578125 0.44609375 0.021875 0.08359375
3 0.209375 0.55234375 0.034375 0.090625