3 0.3921875 0.55 0.03671875 0.09921875
3 0.61328125 0.71796875 0.03046875 0.1234375
3 0.5984375 0.56484375 0.0234375 0.10546875
3 0.5140625 0.76328125 0.02890625 0.11796875
3 0.0921875 0.390625 0.03046875 0.075
3 0.71875 0.47265625 0.0203125 0.09921875
3 0.90625 0.62578125 0.0296875 0.09765625
3 0.684375 0.9421875 0.03984375 0.115625
3 0.35859375 0.78984375 0.03203125 0.12421875
3 0.9515625 0.7640625 0.03203125 0.11484375
3 0.58671875 0.40078125 0.01875 0.0765625
3 0.5578125 0.6078125 0.03046875 0.10859375
3 0.02265625 0.95 0.040625 0.09921875
3 0.8703125 0.5984375 0.0328125 0.10625
1 0.24375 0.42109375 0.009375 0.01875
3 0.69609375 0.57109375 0.028125 0.09609375
3 0.58359375 0.35234375 0.0171875 0.02421875
3 0.69375 0.665625 0.0296875 0.11171875
3 0.4359375 0.5359375 0.02421875 0.103125