3 0.73828125 0.246875 0.0234375 0.05546875
3 0.36875 0.6734375 0.02734375 0.096875
3 0.81640625 0.3109375 0.0234375 0.06640625
3 0.1578125 0.80234375 0.03671875 0.115625
3 0.878125 0.40703125 0.02109375 0.0859375
3 0.1078125 0.11640625 0.01171875 0.0359375
3 0.8421875 0.71796875 0.03828125 0.11953125
3 0.665625 0.853125 0.04609375 0.128125
3 0.28125 0.4 0.0296875 0.0640625
3 0.61171875 0.18359375 0.01875 0.05859375
3 0.290625 0.21953125 0.02109375 0.05
3 0.3484375 0.2890625 0.025 0.0609375
3 0.2796875 0.7328125 0.0421875 0.09296875
1 0.39375 0.5765625 0.009375 0.01640625
3 0.821875 0.39921875 0.02578125 0.07890625
3 0.496875 0.40390625 0.02421875 0.06953125
3 0.4703125 0.48515625 0.03203125 0.05703125
3 0.52421875 0.28828125 0.021875 0.059375
3 0.57421875 0.40078125 0.0234375 0.065625
3 0.22109375 0.984375 0.0265625 0.03046875
3 0.2046875 0.58125 0.03828125 0.0984375
3 0.0109375 0.33671875 0.021875 0.0734375
3 0.421875 0.540625 0.03203125 0.084375