3 0.421875 0.58359375 0.03125 0.153125
3 0.36171875 0.271875 0.0265625 0.0890625
3 0.3984375 0.284375 0.0390625 0.0984375
3 0.4078125 0.6015625 0.0453125 0.15
3 0.59296875 0.334375 0.02734375 0.09921875
3 0.61640625 0.31171875 0.0265625 0.0984375
1 0.62890625 0.2109375 0.00859375 0.015625
3 0.8328125 0.18671875 0.02578125 0.0890625
3 0.24609375 0.43046875 0.0375 0.125
3 0.9421875 0.22265625 0.03046875 0.09140625
3 0.69140625 0.30390625 0.03359375 0.0953125
3 0.63671875 0.18828125 0.0234375 0.06484375
3 0.65859375 0.19921875 0.02578125 0.06484375