3 0.428125 0.28359375 0.02890625 0.05546875
3 0.65625 0.353125 0.03515625 0.09609375
3 0.87578125 0.5671875 0.0359375 0.12109375
3 0.690625 0.1859375 0.0359375 0.08359375
3 0.5453125 0.64921875 0.04140625 0.12890625
2 0.71484375 0.615625 0.04375 0.1265625
1 0.565625 0.4359375 0.01171875 0.021875
3 0.2109375 0.5625 0.05078125 0.1359375
3 0.44375 0.353125 0.04921875 0.0890625
3 0.2796875 0.3859375 0.04375 0.103125
2 0.3796875 0.15625 0.02578125 0.06796875
3 0.609375 0.38671875 0.03984375 0.10390625
3 0.9921875 0.38359375 0.0125 0.1140625
3 0.1875 0.79609375 0.05390625 0.15546875