3 0.325 0.303125 0.015625 0.06171875
3 0.9453125 0.87578125 0.02265625 0.0890625
3 0.48203125 0.56953125 0.02421875 0.08828125
3 0.63203125 0.3859375 0.02109375 0.06796875
3 0.5578125 0.365625 0.01640625 0.071875
3 0.6890625 0.17265625 0.0140625 0.053125
3 0.3546875 0.35625 0.02265625 0.05390625
3 0.2421875 0.6203125 0.025 0.0984375
3 0.9015625 0.6203125 0.02421875 0.09453125
3 0.07578125 0.25859375 0.0171875 0.065625
3 0.85390625 0.45390625 0.02421875 0.0765625
3 0.84765625 0.275 0.01640625 0.0609375
1 0.11796875 0.44921875 0.00859375 0.01796875
3 0.36875 0.5078125 0.02578125 0.084375
3 0.43046875 0.81953125 0.02734375 0.1046875
3 0.96328125 0.6265625 0.02421875 0.1
3 0.16953125 0.640625 0.02265625 0.09609375
3 0.69140625 0.8484375 0.034375 0.11171875