3 0.3984375 0.31953125 0.02265625 0.0984375
3 0.44453125 0.2859375 0.01953125 0.0890625
3 0.2921875 0.63359375 0.0203125 0.096875
3 0.503125 0.49375 0.03203125 0.10859375
3 0.75859375 0.10625 0.01875 0.06796875
3 0.409375 0.5546875 0.0265625 0.0984375
3 0.7828125 0.4359375 0.0265625 0.109375
3 0.78203125 0.06171875 0.01328125 0.05859375
3 0.66640625 0.303125 0.02109375 0.0890625
3 0.62265625 0.171875 0.01875 0.078125
3 0.45859375 0.28984375 0.01875 0.0890625
3 0.28359375 0.61171875 0.01796875 0.05546875
3 0.190625 0.21171875 0.0203125 0.08125
3 0.96015625 0.221875 0.0234375 0.0890625
3 0.91171875 0.49140625 0.02890625 0.10859375
3 0.95390625 0.61953125 0.0328125 0.12578125
3 0.28359375 0.6859375 0.03046875 0.1390625
3 0.36953125 0.48046875 0.03203125 0.10625
3 0.77109375 0.24921875 0.025 0.08828125
3 0.4328125 0.5890625 0.03984375 0.109375