3 0.08046875 0.51875 0.025 0.1
3 0.45 0.290625 0.01953125 0.06015625
3 0.6734375 0.43515625 0.0171875 0.078125
3 0.19140625 0.39453125 0.0265625 0.0640625
3 0.5296875 0.6609375 0.025 0.1
3 0.9203125 0.565625 0.02265625 0.096875
3 0.99296875 0.815625 0.0140625 0.103125
3 0.5796875 0.53125 0.01953125 0.08203125
3 0.371875 0.35703125 0.03359375 0.05859375
3 0.8125 0.32890625 0.02109375 0.07421875
3 0.92890625 0.53671875 0.021875 0.08671875
3 0.30546875 0.48828125 0.02734375 0.07421875
3 0.43515625 0.48984375 0.02265625 0.08671875
3 0.88515625 0.47109375 0.0265625 0.09375
3 0.29921875 0.64140625 0.03515625 0.09921875
3 0.33515625 0.196875 0.01796875 0.05625
3 0.68046875 0.50078125 0.01953125 0.08515625
3 0.35625 0.8375 0.03359375 0.12890625
3 0.81875 0.24375 0.0140625 0.0609375
3 0.25 0.50859375 0.0234375 0.084375
1 0.1828125 0.46328125 0.01015625 0.01484375