3 0.315625 0.68359375 0.03359375 0.13828125
3 0.471875 0.5609375 0.034375 0.11640625
3 0.2671875 0.284375 0.03203125 0.09609375
1 0.734375 0.59921875 0.0140625 0.01875
3 0.3484375 0.403125 0.03046875 0.11328125
3 0.11953125 0.24453125 0.034375 0.10078125
3 0.196875 0.259375 0.03046875 0.10078125
3 0.39375 0.26875 0.03046875 0.11015625
3 0.140625 0.3109375 0.0234375 0.11015625
3 0.1078125 0.2375 0.01953125 0.10625
3 0.3234375 0.45390625 0.02734375 0.11328125
3 0.271875 0.3328125 0.03359375 0.08984375
3 0.71015625 0.57265625 0.053125 0.12890625
3 0.46484375 0.6375 0.03671875 0.1234375
3 0.075 0.434375 0.03359375 0.12890625
3 0.5296875 0.5375 0.04609375 0.115625