3 0.23359375 0.321875 0.0171875 0.05390625
3 0.9875 0.70390625 0.025 0.0859375
3 0.503125 0.471875 0.01796875 0.06796875
3 0.3453125 0.678125 0.0234375 0.09296875
3 0.65625 0.60390625 0.02421875 0.0890625
3 0.703125 0.3984375 0.021875 0.0609375
3 0.2140625 0.56953125 0.01640625 0.078125
3 0.2 0.5203125 0.01796875 0.07109375
3 0.475 0.3828125 0.01328125 0.059375
3 0.2515625 0.60234375 0.02265625 0.0765625
3 0.38515625 0.421875 0.015625 0.065625
3 0.0359375 0.9734375 0.03359375 0.05
1 0.6796875 0.4265625 0.00703125 0.0140625
3 0.05 0.54296875 0.01953125 0.08046875
3 0.446875 0.26484375 0.0140625 0.05390625
3 0.01875 0.47890625 0.01796875 0.06953125
3 0.271875 0.45078125 0.01640625 0.0734375