3 0.19453125 0.4765625 0.03359375 0.1234375
3 0.24296875 0.740625 0.0375 0.153125
3 0.74140625 0.26875 0.02890625 0.11015625
3 0.07265625 0.525 0.03671875 0.13125
3 0.075 0.2734375 0.02421875 0.09921875
3 0.2515625 0.034375 0.021875 0.06875
3 0.653125 0.53671875 0.04140625 0.13515625
3 0.05859375 0.675 0.04453125 0.13359375
3 0.3921875 0.2921875 0.02890625 0.103125
3 0.003125 0.35859375 0.00625 0.0890625
3 0.31171875 0.27890625 0.02578125 0.10390625
3 0.09609375 0.21875 0.02734375 0.1
3 0.021875 0.4421875 0.03046875 0.1234375
1 0.5953125 0.63046875 0.01328125 0.021875