3 0.11875 0.659375 0.021875 0.0859375
3 0.6171875 0.42265625 0.021875 0.065625
3 0.28828125 0.72578125 0.025 0.1015625
3 0.4140625 0.4015625 0.01875 0.06953125
3 0.0953125 0.61796875 0.02421875 0.0890625
3 0.31875 0.26875 0.01484375 0.059375
3 0.040625 0.471875 0.01953125 0.078125
3 0.584375 0.5359375 0.02890625 0.08046875
3 0.79375 0.45703125 0.01953125 0.08359375
3 0.39140625 0.95546875 0.025 0.0890625
3 0.36875 0.59765625 0.0234375 0.0875
3 0.2203125 0.915625 0.03203125 0.10546875
3 0.903125 0.39453125 0.02109375 0.075
1 0.6015625 0.4375 0.00859375 0.0140625
3 0.7609375 0.97890625 0.02109375 0.0390625
3 0.8875 0.63125 0.0296875 0.09609375
3 0.103125 0.46171875 0.02109375 0.07890625