3 0.48359375 0.97890625 0.02109375 0.04140625
3 0.1796875 0.70625 0.0453125 0.159375
3 0.9171875 0.65703125 0.04140625 0.16484375
3 0.315625 0.71796875 0.040625 0.175
3 0.115625 0.67890625 0.03359375 0.184375
3 0.87109375 0.66328125 0.04375 0.16171875
3 0.02734375 0.646875 0.05078125 0.15078125
1 0.50625 0.6421875 0.0171875 0.03203125
3 0.51875 0.96484375 0.040625 0.0703125
3 0.08984375 0.6765625 0.0375 0.1703125
3 0.43125 0.6484375 0.03359375 0.13671875
3 0.61484375 0.77109375 0.046875 0.1734375
3 0.809375 0.68125 0.03984375 0.16796875
3 0.7765625 0.71640625 0.0359375 0.18203125
3 0.50078125 0.4390625 0.04453125 0.13515625