3 0.9390625 0.9359375 0.053125 0.128125
3 0.4046875 0.5890625 0.0234375 0.0890625
1 0.3546875 0.78828125 0.01171875 0.02109375
3 0.3703125 0.0859375 0.0109375 0.05
3 0.85234375 0.1890625 0.0296875 0.0609375
3 0.46015625 0.371875 0.025 0.08203125
3 0.2140625 0.29765625 0.01875 0.0734375
3 0.6046875 0.48671875 0.053125 0.08203125
3 0.66875 0.42109375 0.03671875 0.08359375
3 0.97890625 0.78359375 0.0421875 0.0890625
3 0.2609375 0.62421875 0.03203125 0.1015625
3 0.30859375 0.74140625 0.0421875 0.103125
3 0.67265625 0.6125 0.028125 0.1109375
3 0.3671875 0.52421875 0.02734375 0.09609375
3 0.740625 0.37109375 0.02421875 0.071875
3 0.5703125 0.27890625 0.02421875 0.075
3 0.51328125 0.190625 0.021875 0.059375
3 0.75078125 0.27265625 0.0171875 0.059375