3 0.2953125 0.51953125 0.02421875 0.08359375
3 0.4078125 0.353125 0.0203125 0.071875
3 0.371875 0.3296875 0.01796875 0.065625
3 0.5046875 0.340625 0.0203125 0.0734375
3 0.3859375 0.396875 0.02109375 0.084375
3 0.7203125 0.459375 0.025 0.1375
3 0.10234375 0.721875 0.028125 0.1125
3 0.07578125 0.453125 0.0234375 0.0859375
1 0.378125 0.353125 0.00625 0.0125
3 0.30625 0.39375 0.02734375 0.08203125
3 0.5421875 0.4453125 0.0234375 0.0875
3 0.88671875 0.69375 0.028125 0.10703125
3 0.4859375 0.340625 0.01796875 0.0640625
3 0.5078125 0.58203125 0.0265625 0.09453125
3 0.571875 0.46953125 0.02421875 0.0859375
3 0.465625 0.31015625 0.02265625 0.0515625
3 0.7515625 0.4984375 0.0265625 0.0890625
3 0.4078125 0.284375 0.02421875 0.0609375