3 0.471875 0.5046875 0.0296875 0.1078125
3 0.0328125 0.5796875 0.05 0.1234375
3 0.4390625 0.68515625 0.03984375 0.1234375
3 0.615625 0.559375 0.04609375 0.11484375
3 0.203125 0.3703125 0.02890625 0.09296875
3 0.28359375 0.39765625 0.025 0.1015625
3 0.53984375 0.353125 0.0265625 0.10546875
3 0.19375 0.4734375 0.0328125 0.10546875
3 0.4390625 0.5078125 0.0265625 0.10625
3 0.453125 0.58671875 0.03671875 0.0875
3 0.35625 0.759375 0.04375 0.12890625
3 0.17265625 0.3703125 0.0296875 0.103125
3 0.6828125 0.58515625 0.02890625 0.11171875