3 0.69140625 0.615625 0.0328125 0.11640625
3 0.90859375 0.4234375 0.028125 0.09140625
3 0.53984375 0.3796875 0.028125 0.08203125
3 0.2921875 0.8296875 0.03671875 0.13203125
3 0.84609375 0.18125 0.0171875 0.059375
3 0.2296875 0.36484375 0.0296875 0.08203125
3 0.453125 0.7734375 0.04921875 0.13359375
3 0.9546875 0.7015625 0.03671875 0.13359375
3 0.415625 0.42421875 0.021875 0.090625
3 0.2171875 0.75859375 0.04609375 0.13359375
3 0.384375 0.628125 0.03203125 0.121875
3 0.3875 0.53984375 0.02265625 0.10703125
3 0.46875 0.65859375 0.03671875 0.128125
3 0.80625 0.29609375 0.0265625 0.078125
3 0.390625 0.446875 0.0265625 0.09453125
3 0.6234375 0.65546875 0.03359375 0.10546875
3 0.63125 0.5140625 0.03671875 0.071875
3 0.3484375 0.5234375 0.0390625 0.10859375
1 0.61875 0.578125 0.01171875 0.01640625
3 0.778125 0.49296875 0.0234375 0.096875