3 0.2859375 0.525 0.0328125 0.09140625
3 0.6078125 0.31171875 0.02265625 0.06796875
3 0.10546875 0.34453125 0.021875 0.08359375
3 0.428125 0.165625 0.015625 0.06640625
3 0.278125 0.25703125 0.015625 0.06953125
3 0.3296875 0.234375 0.01640625 0.065625
3 0.1578125 0.56796875 0.02734375 0.078125
3 0.50234375 0.2359375 0.0171875 0.06953125
3 0.503125 0.30546875 0.01953125 0.0640625
3 0.30625 0.16953125 0.015625 0.05859375
3 0.15078125 0.20625 0.01875 0.06796875
3 0.74296875 0.63828125 0.025 0.09296875
3 0.328125 0.3421875 0.02265625 0.065625
3 0.10859375 0.225 0.01875 0.06640625
3 0.65234375 0.86953125 0.03125 0.1109375
3 0.80625 0.19140625 0.02421875 0.071875
3 0.3484375 0.1875 0.015625 0.05859375
3 0.3140625 0.078125 0.01640625 0.05390625
3 0.3515625 0.32734375 0.02265625 0.07890625
1 0.53046875 0.803125 0.015625 0.021875