3 0.321875 0.265625 0.03046875 0.1015625
3 0.45078125 0.22890625 0.03515625 0.11328125
3 0.684375 0.4890625 0.040625 0.128125
3 0.50625 0.25078125 0.03359375 0.096875
3 0.615625 0.353125 0.03203125 0.11171875
3 0.40703125 0.434375 0.03828125 0.13828125
3 0.6125 0.29375 0.03984375 0.10078125
3 0.56796875 0.29921875 0.04453125 0.10546875
3 0.45234375 0.37578125 0.03515625 0.11171875
3 0.48203125 0.284375 0.03671875 0.10859375
1 0.4640625 0.27109375 0.00859375 0.01796875
3 0.06328125 0.403125 0.05078125 0.125
3 0.41171875 0.3140625 0.05078125 0.10078125