3 0.51640625 0.3125 0.02734375 0.09375
3 0.6046875 0.54296875 0.04921875 0.05
3 0.625 0.36171875 0.0328125 0.10390625
3 0.57578125 0.5515625 0.040625 0.11875
1 0.4734375 0.48359375 0.009375 0.01875
3 0.390625 0.47578125 0.0359375 0.128125
3 0.58046875 0.42421875 0.046875 0.09453125
3 0.68359375 0.17734375 0.0265625 0.07578125
3 0.22578125 0.5828125 0.04609375 0.1234375
3 0.621875 0.29453125 0.028125 0.090625
3 0.76171875 0.509375 0.04140625 0.1265625
3 0.66328125 0.4109375 0.03046875 0.09921875
3 0.53125 0.93046875 0.03984375 0.13671875
3 0.1890625 0.7078125 0.0390625 0.14140625