3 0.3546875 0.3 0.0140625 0.0609375
3 0.59921875 0.296875 0.0125 0.053125
3 0.9703125 0.38203125 0.01875 0.06328125
3 0.76953125 0.39921875 0.0171875 0.06796875
3 0.93828125 0.30078125 0.01640625 0.0515625
3 0.7234375 0.54375 0.03203125 0.0796875
3 0.9 0.278125 0.015625 0.053125
3 0.39765625 0.3484375 0.01875 0.06640625
3 0.4234375 0.20546875 0.0109375 0.04609375
3 0.5921875 0.6578125 0.0234375 0.0921875
3 0.7765625 0.80390625 0.0265625 0.10390625
3 0.796875 0.3625 0.01640625 0.0609375
3 0.9234375 0.33046875 0.0203125 0.0609375
3 0.15390625 0.56640625 0.02109375 0.08828125
3 0.421875 0.3953125 0.015625 0.0640625
1 0.19765625 0.58046875 0.00859375 0.015625
3 0.65390625 0.42109375 0.015625 0.06875
3 0.5015625 0.4953125 0.01875 0.071875
3 0.878125 0.61796875 0.0296875 0.08203125
3 0.5359375 0.25 0.01328125 0.053125