3 0.7375 0.33359375 0.01796875 0.096875
3 0.42265625 0.375 0.03359375 0.10546875
3 0.528125 0.20546875 0.02734375 0.1015625
3 0.3140625 0.321875 0.03671875 0.090625
3 0.5875 0.62421875 0.01953125 0.11953125
3 0.61640625 0.25625 0.02265625 0.05703125
3 0.37734375 0.390625 0.021875 0.1046875
3 0.60625 0.41171875 0.01953125 0.10390625
3 0.40546875 0.559375 0.0375 0.08203125
3 0.628125 0.38359375 0.02109375 0.10078125
3 0.6921875 0.39296875 0.02421875 0.12109375
3 0.646875 0.40625 0.01953125 0.10859375
3 0.4171875 0.44375 0.03828125 0.10859375
3 0.34609375 0.5734375 0.0453125 0.103125
1 0.5765625 0.2515625 0.01015625 0.015625
3 0.53125 0.45625 0.04140625 0.09140625
3 0.58359375 0.31640625 0.040625 0.07109375
3 0.5375 0.30234375 0.01953125 0.09375
3 0.728125 0.55 0.04375 0.1
3 0.60078125 0.81875 0.03984375 0.1265625
3 0.55859375 0.40390625 0.02265625 0.09296875
3 0.6671875 0.40859375 0.02109375 0.11640625
3 0.55546875 0.29765625 0.02109375 0.0859375