3 0.4921875 0.040625 0.021875 0.08125
3 0.534375 0.5984375 0.03984375 0.128125
3 0.61796875 0.2890625 0.0265625 0.11953125
3 0.2421875 0.371875 0.02734375 0.13046875
3 0.39375 0.5078125 0.03203125 0.134375
3 0.53359375 0.153125 0.0234375 0.0984375
3 0.75078125 0.90546875 0.06875 0.1890625
3 0.9765625 0.8234375 0.04609375 0.2
3 0.159375 0.59296875 0.03515625 0.14453125
3 0.73671875 0.37109375 0.0359375 0.125
1 0.39453125 0.58203125 0.0125 0.021875
3 0.0265625 0.40234375 0.03203125 0.140625
3 0.546875 0.2109375 0.0203125 0.10859375
3 0.5546875 0.496875 0.03359375 0.14296875
3 0.20234375 0.28828125 0.0265625 0.12109375
3 0.86875 0.33984375 0.02890625 0.1234375