3 0.42578125 0.49296875 0.01953125 0.07578125
3 0.9015625 0.70625 0.03671875 0.103125
3 0.10859375 0.58984375 0.02421875 0.09296875
3 0.7921875 0.478125 0.025 0.08125
3 0.21796875 0.55625 0.021875 0.0859375
3 0.834375 0.47890625 0.02265625 0.08359375
3 0.46484375 0.35546875 0.02265625 0.06328125
3 0.0859375 0.5046875 0.02421875 0.0890625
3 0.6578125 0.37734375 0.0203125 0.06171875
3 0.2515625 0.7640625 0.0296875 0.11171875
3 0.73125 0.74140625 0.03046875 0.11328125
3 0.5875 0.39609375 0.01953125 0.07109375
3 0.53984375 0.53203125 0.0234375 0.08203125
3 0.07421875 0.3015625 0.01796875 0.065625
3 0.11796875 0.51875 0.02265625 0.08671875
3 0.5703125 0.32421875 0.01796875 0.06484375
3 0.6421875 0.40703125 0.01953125 0.06953125
3 0.96484375 0.396875 0.02109375 0.07890625
3 0.44765625 0.55859375 0.02265625 0.08515625