3 0.2546875 0.56484375 0.01640625 0.0734375
3 0.50546875 0.2984375 0.009375 0.053125
3 0.3125 0.29296875 0.0125 0.05078125
3 0.68984375 0.40625 0.01328125 0.05703125
3 0.16015625 0.478125 0.01484375 0.07109375
3 0.48515625 0.78515625 0.01953125 0.09453125
3 0.54609375 0.9640625 0.02109375 0.07109375
3 0.2921875 0.23125 0.0109375 0.040625
3 0.50546875 0.509375 0.01328125 0.0703125
3 0.38046875 0.37421875 0.0125 0.05859375
3 0.509375 0.41875 0.01328125 0.05703125
3 0.8421875 0.64609375 0.0203125 0.07578125
3 0.74140625 0.28203125 0.01328125 0.0484375
3 0.66015625 0.46796875 0.01171875 0.065625
3 0.496875 0.23984375 0.01171875 0.04609375
3 0.4421875 0.3578125 0.01328125 0.06171875
3 0.50546875 0.959375 0.02578125 0.0796875
3 0.84375 0.44375 0.02109375 0.0609375
3 0.40234375 0.490625 0.01328125 0.06171875
3 0.4921875 0.315625 0.0109375 0.053125
3 0.5046875 0.5421875 0.015625 0.14140625
3 0.55546875 0.3546875 0.01171875 0.05546875
3 0.753125 0.34921875 0.01171875 0.05546875
3 0.21640625 0.38203125 0.01328125 0.05859375