3 0.35234375 0.384375 0.0265625 0.090625
3 0.66875 0.40546875 0.03046875 0.08671875
3 0.76328125 0.184375 0.01875 0.0640625
3 0.26875 0.8109375 0.034375 0.134375
3 0.325 0.45 0.0328125 0.0984375
3 0.50546875 0.24921875 0.01796875 0.08046875
3 0.86484375 0.96640625 0.04765625 0.0640625
3 0.10078125 0.40234375 0.03515625 0.07890625
3 0.41953125 0.934375 0.034375 0.125
1 0.24453125 0.84765625 0.01171875 0.0234375
3 0.77109375 0.78359375 0.040625 0.13828125
3 0.38046875 0.1015625 0.0125 0.04921875
3 0.4546875 0.3609375 0.02265625 0.08203125
3 0.55390625 0.25390625 0.021875 0.0734375
3 0.7203125 0.515625 0.03203125 0.10546875
3 0.0765625 0.42890625 0.02265625 0.09375
3 0.4078125 0.13984375 0.01953125 0.05546875
3 0.98359375 0.3265625 0.02578125 0.0984375
3 0.8328125 0.4 0.02734375 0.09453125
3 0.253125 0.65078125 0.04296875 0.11640625
3 0.2890625 0.5484375 0.03359375 0.10078125
3 0.01953125 0.5765625 0.02890625 0.11484375
3 0.3171875 0.20625 0.01875 0.06796875
3 0.88125 0.50546875 0.02734375 0.11484375
3 0.18671875 0.3515625 0.02734375 0.08515625