3 0.4984375 0.15703125 0.02578125 0.09140625
3 0.984375 0.165625 0.02734375 0.096875
3 0.72734375 0.2828125 0.0234375 0.09453125
3 0.56875 0.2984375 0.01875 0.09453125
2 0.75 0.34765625 0.021875 0.0890625
3 0.2546875 0.39609375 0.0203125 0.103125
3 0.3640625 0.45390625 0.0203125 0.0890625
3 0.7171875 0.52421875 0.03359375 0.1265625
1 0.7140625 0.571875 0.0171875 0.053125
3 0.6609375 0.059375 0.0140625 0.0609375
3 0.534375 0.58828125 0.028125 0.121875
3 0.665625 0.628125 0.03828125 0.12109375
3 0.4125 0.91875 0.028125 0.14453125
3 0.409375 0.134375 0.0171875 0.07109375