3 0.53515625 0.17109375 0.02421875 0.05859375
3 0.3078125 0.190625 0.01328125 0.046875
3 0.4671875 0.2125 0.034375 0.0359375
3 0.615625 0.22265625 0.015625 0.075
3 0.453125 0.23203125 0.009375 0.046875
3 0.378125 0.2359375 0.0140625 0.071875
2 0.3015625 0.25078125 0.01328125 0.08203125
3 0.56953125 0.253125 0.021875 0.065625
3 0.490625 0.26484375 0.02265625 0.0640625
3 0.5 0.3015625 0.01328125 0.07109375
3 0.17265625 0.303125 0.0171875 0.075
3 0.325 0.31328125 0.0140625 0.0734375
3 0.5578125 0.3140625 0.02109375 0.06796875
3 0.634375 0.33828125 0.02265625 0.07109375
3 0.6453125 0.34296875 0.028125 0.04140625
3 0.634375 0.3953125 0.03046875 0.07109375
3 0.59375 0.434375 0.01640625 0.10859375
3 0.45625 0.59453125 0.0234375 0.10546875
3 0.4 0.88125 0.02578125 0.1390625