3 0.9046875 0.15546875 0.028125 0.1140625
3 0.709375 0.18203125 0.02421875 0.1140625
3 0.190625 0.23359375 0.0265625 0.1140625
2 0.315625 0.25 0.03203125 0.10546875
3 0.60546875 0.0265625 0.01484375 0.053125
3 0.021875 0.35625 0.0375 0.13203125
3 0.6796875 0.0390625 0.0296875 0.078125
3 0.21875 0.44921875 0.0328125 0.14453125
3 0.846875 0.5296875 0.0296875 0.1375
3 0.3390625 0.06640625 0.03515625 0.0765625
3 0.428125 0.728125 0.04453125 0.15390625
1 0.3421875 0.77890625 0.01875 0.03359375
3 0.753125 0.815625 0.0390625 0.1234375
3 0.796875 0.88046875 0.04609375 0.1625