3 0.578125 0.1765625 0.02109375 0.0640625
3 0.2984375 0.196875 0.0203125 0.053125
3 0.4546875 0.19921875 0.01328125 0.05859375
3 0.44296875 0.20703125 0.01484375 0.06640625
3 0.59609375 0.21171875 0.0140625 0.05859375
2 0.31875 0.2515625 0.02421875 0.0734375
3 0.559375 0.26640625 0.021875 0.08046875
3 0.59609375 0.26953125 0.01171875 0.04140625
3 0.459375 0.29140625 0.02421875 0.0625
3 0.15625 0.29375 0.01953125 0.0765625
3 0.540625 0.30703125 0.01796875 0.08046875
3 0.5921875 0.3125 0.021875 0.05859375
3 0.66328125 0.32109375 0.0203125 0.09296875
3 0.35546875 0.32734375 0.02890625 0.071875
3 0.64609375 0.32890625 0.0234375 0.0734375
3 0.6109375 0.3609375 0.0125 0.08046875
3 0.559375 0.4328125 0.01953125 0.1
3 0.51875 0.621875 0.02109375 0.103125
3 0.475 0.86953125 0.02578125 0.11796875