3 0.95 0.21171875 0.025 0.103125
3 0.725 0.22265625 0.02734375 0.09296875
3 0.48984375 0.0234375 0.02578125 0.046875
3 0.22109375 0.253125 0.015625 0.09296875
3 0.1203125 0.0328125 0.01796875 0.065625
2 0.34375 0.32109375 0.0421875 0.10859375
3 0.14765625 0.35859375 0.03046875 0.096875
3 0.0265625 0.040625 0.021875 0.08046875
3 0.246875 0.49140625 0.0203125 0.11796875
3 0.628125 0.0578125 0.02421875 0.0859375
3 0.78125 0.596875 0.03125 0.128125
3 0.684375 0.0625 0.0234375 0.0765625
3 0.240625 0.75625 0.03203125 0.13046875
1 0.2203125 0.8046875 0.0203125 0.028125
3 0.809375 0.828125 0.05 0.125
3 0.609375 0.94296875 0.01796875 0.1140625
3 0.378125 0.1 0.0234375 0.0765625