3 0.20546875 0.28828125 0.0265625 0.065625
3 0.425 0.31640625 0.0265625 0.075
3 0.4921875 0.371875 0.02265625 0.090625
3 0.4125 0.390625 0.02578125 0.06640625
3 0.303125 0.41484375 0.02890625 0.0984375
3 0.61171875 0.425 0.01796875 0.10703125
3 0.603125 0.4546875 0.0234375 0.078125
3 0.71953125 0.49765625 0.01953125 0.1
3 0.5203125 0.50859375 0.028125 0.0890625
2 0.153125 0.53984375 0.028125 0.10703125
3 0.58125 0.5453125 0.0265625 0.0890625
1 0.50078125 0.559375 0.01640625 0.034375
3 0.7953125 0.58125 0.028125 0.140625
3 0.8171875 0.6390625 0.02421875 0.128125
3 0.5984375 0.6546875 0.04453125 0.10859375
3 0.6421875 0.67109375 0.0421875 0.11640625
3 0.86484375 0.69609375 0.034375 0.11796875
3 0.29375 0.709375 0.04453125 0.13046875
3 0.0359375 0.94765625 0.034375 0.0984375