3 0.403125 0.4171875 0.02265625 0.115625
2 0.553125 0.41953125 0.01328125 0.046875
3 0.2484375 0.45703125 0.01953125 0.08046875
3 0.43671875 0.48984375 0.02734375 0.10859375
3 0.2578125 0.490625 0.03125 0.11953125
3 0.3203125 0.52265625 0.021875 0.1015625
3 0.32265625 0.52578125 0.0296875 0.0984375
3 0.2921875 0.55234375 0.0328125 0.134375
3 0.33515625 0.609375 0.03125 0.1234375
3 0.1203125 0.6171875 0.0484375 0.134375
3 0.4984375 0.65703125 0.025 0.146875
3 0.03125 0.690625 0.0328125 0.1515625
3 0.8046875 0.80703125 0.0390625 0.178125
2 0.7703125 0.83671875 0.0421875 0.16640625
3 0.3984375 0.840625 0.0328125 0.153125
3 0.525 0.88046875 0.0390625 0.12890625