3 0.4578125 0.33359375 0.02578125 0.09140625
3 0.5625 0.36953125 0.028125 0.103125
3 0.3453125 0.4109375 0.03671875 0.103125
3 0.0828125 0.43984375 0.028125 0.1015625
3 0.6109375 0.4453125 0.03203125 0.1375
3 0.69609375 0.4625 0.02109375 0.1234375
1 0.37109375 0.46953125 0.015625 0.0265625
3 0.196875 0.47421875 0.034375 0.10390625
3 0.8703125 0.4796875 0.02265625 0.12109375
3 0.496875 0.4890625 0.0265625 0.10703125
3 0.8515625 0.49140625 0.03046875 0.125
3 0.6578125 0.49296875 0.02890625 0.134375
3 0.74921875 0.49296875 0.0296875 0.121875
2 0.23125 0.49921875 0.02890625 0.140625
3 0.89375 0.559375 0.025 0.13203125
3 0.4390625 0.5703125 0.02578125 0.13359375
3 0.11171875 0.6171875 0.034375 0.14296875
3 0.940625 0.62734375 0.03984375 0.1640625