3 0.5421875 0.20625 0.01171875 0.0734375
3 0.43984375 0.25 0.01171875 0.0625
3 0.3734375 0.315625 0.01328125 0.07890625
3 0.7078125 0.33984375 0.02109375 0.06640625
3 0.496875 0.36171875 0.0359375 0.0359375
3 0.5 0.38671875 0.05625 0.0375
3 0.41875 0.390625 0.015625 0.06640625
3 0.15625 0.41953125 0.0140625 0.09609375
3 0.30546875 0.4390625 0.01484375 0.11953125
3 0.74375 0.471875 0.01875 0.1015625
3 0.715625 0.51171875 0.015625 0.0984375
2 0.43515625 0.55 0.0203125 0.1265625
3 0.615625 0.559375 0.0265625 0.11796875
3 0.0578125 0.6015625 0.0203125 0.10546875
3 0.5453125 0.65390625 0.0296875 0.1125
3 0.2203125 0.709375 0.028125 0.128125