3 0.384375 0.1765625 0.02578125 0.0640625
3 0.0453125 0.24609375 0.021875 0.071875
3 0.19375 0.28984375 0.02890625 0.08046875
3 0.70078125 0.315625 0.0234375 0.1109375
3 0.75390625 0.346875 0.0171875 0.08203125
3 0.64921875 0.378125 0.03671875 0.125
2 0.38828125 0.39921875 0.0140625 0.13046875
3 0.8203125 0.4125 0.01640625 0.096875
3 0.20625 0.43671875 0.0296875 0.07890625
3 0.5171875 0.47734375 0.021875 0.0984375
3 0.8734375 0.51328125 0.03203125 0.1140625
3 0.5375 0.52265625 0.05390625 0.090625
1 0.5515625 0.559375 0.02578125 0.04140625
3 0.4484375 0.61640625 0.02734375 0.128125
3 0.975 0.640625 0.03984375 0.1234375
3 0.0296875 0.72734375 0.03359375 0.121875
3 0.978125 0.8953125 0.040625 0.146875