2 0.9609375 0.21640625 0.03125 0.0859375
3 0.81875 0.30078125 0.02578125 0.09296875
3 0.74375 0.315625 0.0265625 0.078125
3 0.66875 0.32578125 0.03359375 0.08203125
3 0.85390625 0.34296875 0.0421875 0.0859375
3 0.5671875 0.378125 0.02265625 0.09453125
3 0.4515625 0.4171875 0.0484375 0.109375
3 0.653125 0.43046875 0.0390625 0.07890625
3 0.571875 0.446875 0.03203125 0.0984375
3 0.4203125 0.459375 0.04296875 0.128125
3 0.33359375 0.50390625 0.034375 0.121875
3 0.6546875 0.5140625 0.04296875 0.11796875
3 0.27578125 0.521875 0.02890625 0.11640625
3 0.11875 0.528125 0.0203125 0.121875
3 0.178125 0.53828125 0.01953125 0.12109375
3 0.69140625 0.56015625 0.034375 0.10390625
2 0.5984375 0.73671875 0.0375 0.1484375