3 0.50390625 0.21484375 0.0171875 0.0515625
3 0.4484375 0.21953125 0.01484375 0.06953125
3 0.5796875 0.234375 0.02109375 0.06640625
3 0.20078125 0.25625 0.0234375 0.07109375
3 0.55 0.25859375 0.01953125 0.075
2 0.315625 0.26484375 0.025 0.071875
3 0.6546875 0.29921875 0.01640625 0.04296875
3 0.565625 0.30625 0.02421875 0.0609375
3 0.6296875 0.34296875 0.0125 0.07109375
3 0.6578125 0.35625 0.01875 0.08359375
3 0.5890625 0.3703125 0.0265625 0.08203125
3 0.62734375 0.3828125 0.03203125 0.08203125
3 0.484375 0.4046875 0.01328125 0.084375
3 0.37109375 0.41171875 0.01953125 0.0609375
3 0.5078125 0.48671875 0.01484375 0.0984375
3 0.615625 0.69765625 0.028125 0.12109375
3 0.6625 0.90703125 0.0359375 0.11953125
1 0.4265625 0.1359375 0.01640625 0.01796875