3 0.33125 0.28046875 0.0203125 0.078125
3 0.6390625 0.3609375 0.0296875 0.1
3 0.60234375 0.3625 0.01953125 0.0890625
3 0.0453125 0.3953125 0.028125 0.1109375
3 0.67421875 0.41484375 0.03671875 0.1015625
3 0.4171875 0.42734375 0.0140625 0.10703125
1 0.4484375 0.46171875 0.0171875 0.03359375
2 0.20625 0.4671875 0.03125 0.10859375
3 0.7421875 0.471875 0.01953125 0.10390625
3 0.4984375 0.503125 0.028125 0.11640625
3 0.60625 0.52265625 0.028125 0.109375
3 0.00625 0.53046875 0.0125 0.09609375
3 0.7921875 0.53203125 0.02421875 0.10703125
3 0.8453125 0.5421875 0.021875 0.1375
3 0.36875 0.65546875 0.025 0.121875