3 0.7828125 0.20078125 0.021875 0.0484375
3 0.409375 0.215625 0.01796875 0.06953125
3 0.640625 0.24375 0.0109375 0.078125
3 0.853125 0.24765625 0.0234375 0.071875
3 0.66328125 0.29921875 0.01796875 0.078125
3 0.81484375 0.31015625 0.01796875 0.065625
2 0.859375 0.32734375 0.02109375 0.09609375
3 0.9046875 0.33515625 0.0265625 0.0859375
3 0.6890625 0.3359375 0.015625 0.0875
3 0.4421875 0.3390625 0.01796875 0.09296875
3 0.11015625 0.346875 0.01484375 0.08046875
3 0.8109375 0.41875 0.034375 0.115625
3 0.4 0.4328125 0.0171875 0.0765625
3 0.50859375 0.44375 0.01953125 0.096875
3 0.63828125 0.4484375 0.03203125 0.08359375
3 0.34453125 0.45078125 0.03046875 0.1
3 0.78671875 0.50234375 0.02109375 0.0984375
1 0.5796875 0.51328125 0.01953125 0.034375