3 0.546875 0.35859375 0.0171875 0.0609375
1 0.25625 0.36640625 0.01484375 0.0375
3 0.28359375 0.3890625 0.02578125 0.109375
3 0.384375 0.390625 0.02265625 0.090625
3 0.55625 0.41015625 0.021875 0.115625
3 0.75625 0.42734375 0.02578125 0.0765625
3 0.64609375 0.45859375 0.02265625 0.11953125
2 0.221875 0.48359375 0.03046875 0.10546875
3 0.80703125 0.48515625 0.0203125 0.115625
3 0.846875 0.490625 0.03203125 0.11640625
3 0.7734375 0.5171875 0.0375 0.1125
3 0.82734375 0.5203125 0.028125 0.11640625
3 0.6921875 0.57265625 0.02109375 0.1109375
3 0.58671875 0.62734375 0.02109375 0.10859375
3 0.9046875 0.6609375 0.0375 0.1359375