3 0.096875 0.39765625 0.0140625 0.05703125
3 0.17734375 0.41015625 0.0140625 0.0890625
3 0.20703125 0.4125 0.01796875 0.1
3 0.2203125 0.41484375 0.01875 0.0859375
3 0.1140625 0.421875 0.01015625 0.053125
3 0.0828125 0.42421875 0.0203125 0.0859375
3 0.05859375 0.434375 0.01953125 0.0859375
3 0.096875 0.44765625 0.0171875 0.0765625
3 0.665625 0.54453125 0.02265625 0.090625
3 0.640625 0.5453125 0.021875 0.0890625
3 0.3390625 0.5453125 0.02421875 0.09609375
3 0.37734375 0.64296875 0.02109375 0.10703125
3 0.88359375 0.6953125 0.03046875 0.121875