1 0.553125 0.171875 0.01015625 0.03359375
3 0.4625 0.23359375 0.01484375 0.04453125
3 0.496875 0.240625 0.01484375 0.040625
2 0.25625 0.26171875 0.0140625 0.08359375
3 0.5265625 0.278125 0.01875 0.04140625
3 0.45390625 0.278125 0.0171875 0.0390625
3 0.4890625 0.28515625 0.0203125 0.065625
3 0.15 0.290625 0.02421875 0.0859375
3 0.553125 0.315625 0.0171875 0.0625
3 0.51875 0.3171875 0.0140625 0.0625
3 0.53125 0.33828125 0.0171875 0.06640625
3 0.5609375 0.34765625 0.01640625 0.0640625
3 0.5890625 0.3578125 0.01640625 0.0515625
3 0.44609375 0.465625 0.02109375 0.0890625
3 0.309375 0.53671875 0.021875 0.0890625
3 0.490625 0.56640625 0.02109375 0.09453125
3 0.6765625 0.659375 0.02421875 0.115625
3 0.70546875 0.87578125 0.0203125 0.11796875