3 0.4640625 0.20625 0.0125 0.053125
3 0.434375 0.2109375 0.01953125 0.05390625
3 0.590625 0.22109375 0.02109375 0.0640625
3 0.259375 0.228125 0.021875 0.0640625
3 0.57578125 0.246875 0.0171875 0.0640625
2 0.33671875 0.2609375 0.021875 0.0609375
3 0.13671875 0.27109375 0.0171875 0.059375
3 0.553125 0.278125 0.01953125 0.0640625
3 0.103125 0.3234375 0.02265625 0.0875
3 0.6546875 0.33828125 0.01796875 0.08203125
3 0.475 0.3421875 0.021875 0.05859375
3 0.6 0.34609375 0.01328125 0.06953125
3 0.55859375 0.346875 0.02421875 0.078125
3 0.62578125 0.35859375 0.01953125 0.075
3 0.371875 0.37265625 0.0234375 0.09140625
3 0.53359375 0.4546875 0.02265625 0.0984375
3 0.55390625 0.659375 0.02421875 0.109375
3 0.5640625 0.865625 0.03671875 0.121875