3 0.91875 0.2328125 0.03359375 0.06796875
3 0.58984375 0.31171875 0.015625 0.0640625
3 0.7453125 0.321875 0.02578125 0.06640625
3 0.50234375 0.4171875 0.02421875 0.08359375
3 0.57578125 0.44765625 0.0125 0.0875
1 0.609375 0.46015625 0.01796875 0.04296875
3 0.43203125 0.496875 0.02265625 0.08359375
3 0.22421875 0.5015625 0.02421875 0.09453125
3 0.459375 0.5109375 0.02734375 0.09296875
3 0.171875 0.534375 0.021875 0.11640625
3 0.58125 0.54609375 0.02421875 0.115625
3 0.109375 0.59609375 0.02265625 0.12109375
2 0.553125 0.653125 0.04296875 0.11640625
3 0.00546875 0.69296875 0.0109375 0.0859375
3 0.915625 0.7453125 0.0359375 0.14296875
3 0.3109375 0.790625 0.0265625 0.153125
3 0.428125 0.82265625 0.0296875 0.1515625