3 0.484375 0.23203125 0.02265625 0.0859375
3 0.5859375 0.2453125 0.01640625 0.08046875
3 0.58671875 0.37578125 0.03046875 0.0875
3 0.1328125 0.38515625 0.025 0.1109375
3 0.52734375 0.396875 0.02421875 0.09296875
1 0.615625 0.446875 0.02734375 0.03046875
3 0.5765625 0.47734375 0.02265625 0.084375
3 0.12578125 0.496875 0.034375 0.11796875
2 0.134375 0.54375 0.021875 0.13203125
3 0.5734375 0.62421875 0.02734375 0.09296875
3 0.5546875 0.63203125 0.03671875 0.12109375
3 0.4609375 0.796875 0.034375 0.1609375