3 0.453125 0.19296875 0.0328125 0.103125
3 0.290625 0.196875 0.0296875 0.10390625
3 0.01875 0.2265625 0.02109375 0.1
2 0.1671875 0.32890625 0.03671875 0.12890625
3 0.68515625 0.415625 0.0296875 0.12109375
3 0.4046875 0.4671875 0.03515625 0.1375
3 0.76171875 0.47578125 0.03359375 0.109375
3 0.79140625 0.5109375 0.0296875 0.13359375
3 0.14453125 0.51484375 0.03046875 0.15
1 0.815625 0.52265625 0.01640625 0.034375
3 0.9078125 0.73203125 0.0390625 0.15546875
3 0.34375 0.075 0.0234375 0.125
3 0.47265625 0.971875 0.03984375 0.05546875
3 0.5296875 0.125 0.02890625 0.096875