2 0.48203125 0.146875 0.0328125 0.06796875
3 0.5484375 0.21640625 0.0171875 0.0765625
3 0.859375 0.2453125 0.02734375 0.08046875
3 0.4234375 0.31953125 0.02890625 0.0734375
3 0.53203125 0.334375 0.0328125 0.09296875
3 0.61875 0.384375 0.02734375 0.07890625
3 0.4078125 0.4125 0.03984375 0.075
3 0.79609375 0.421875 0.03515625 0.09296875
3 0.265625 0.421875 0.03046875 0.075
2 0.81875 0.50625 0.0375 0.04296875
3 0.4828125 0.528125 0.02578125 0.090625
3 0.565625 0.534375 0.0203125 0.1015625
3 0.6453125 0.5546875 0.03125 0.0875
1 0.5796875 0.575 0.0171875 0.028125
3 0.3671875 0.58125 0.03125 0.1109375