3 0.6640625 0.3765625 0.025 0.115625
3 0.290625 0.4140625 0.04453125 0.11796875
3 0.79296875 0.41640625 0.04140625 0.1359375
3 0.38984375 0.46953125 0.03203125 0.12890625
3 0.6703125 0.4875 0.0421875 0.14296875
3 0.80078125 0.55625 0.0390625 0.14140625
3 0.521875 0.56015625 0.03828125 0.1359375
3 0.440625 0.584375 0.04140625 0.14140625
3 0.165625 0.590625 0.028125 0.18203125
3 0.4828125 0.60390625 0.03046875 0.1484375
2 0.8265625 0.69140625 0.0578125 0.07109375
3 0.7578125 0.9265625 0.0328125 0.14296875