2 0.7515625 0.265625 0.03046875 0.09296875
3 0.671875 0.30390625 0.0234375 0.08203125
3 0.4875 0.334375 0.03203125 0.0765625
1 0.5828125 0.3609375 0.01796875 0.03203125
3 0.503125 0.36171875 0.02578125 0.09453125
3 0.65390625 0.365625 0.02109375 0.10859375
3 0.3703125 0.40859375 0.0203125 0.1015625
3 0.30078125 0.496875 0.01953125 0.115625
3 0.234375 0.515625 0.03125 0.0609375
3 0.26796875 0.53671875 0.02734375 0.10546875
3 0.0890625 0.5375 0.021875 0.084375
3 0.13125 0.5484375 0.03125 0.10546875
3 0.1046875 0.58515625 0.0234375 0.14453125
3 0.2234375 0.58671875 0.0171875 0.121875
3 0.0671875 0.590625 0.0140625 0.1125
3 0.5140625 0.596875 0.01875 0.125
3 0.6921875 0.71640625 0.03203125 0.159375
2 0.43359375 0.7296875 0.01953125 0.1640625