3 0.99375 0.2078125 0.0125 0.0734375
3 0.775 0.309375 0.0203125 0.071875
3 0.66875 0.31328125 0.021875 0.0859375
3 0.5625 0.409375 0.02421875 0.0875
3 0.6953125 0.46796875 0.03359375 0.090625
3 0.40859375 0.49765625 0.0453125 0.07890625
3 0.2671875 0.5359375 0.03359375 0.09609375
3 0.47265625 0.53671875 0.03203125 0.1015625
3 0.228125 0.57109375 0.02265625 0.1
1 0.4828125 0.578125 0.0265625 0.0375
3 0.61640625 0.58203125 0.03046875 0.11796875
3 0.11875 0.64765625 0.01796875 0.1234375
2 0.6703125 0.66171875 0.028125 0.125
3 0.0390625 0.75234375 0.0296875 0.14453125
3 0.990625 0.771875 0.01796875 0.15
3 0.3546875 0.803125 0.0328125 0.12890625
3 0.4109375 0.871875 0.03359375 0.1609375