3 0.69609375 0.27578125 0.02109375 0.065625
3 0.453125 0.37578125 0.02734375 0.09453125
1 0.525 0.378125 0.01796875 0.03359375
3 0.72421875 0.38515625 0.0234375 0.1
3 0.9875 0.39140625 0.021875 0.10703125
3 0.4203125 0.403125 0.021875 0.09453125
3 0.3375 0.4203125 0.02109375 0.1
3 0.29765625 0.49375 0.0171875 0.10859375
3 0.24140625 0.53515625 0.015625 0.1125
3 0.259375 0.53671875 0.025 0.1375
3 0.190625 0.5546875 0.03046875 0.109375
3 0.22265625 0.55625 0.0328125 0.115625
3 0.1609375 0.559375 0.0203125 0.10859375
3 0.0546875 0.578125 0.01640625 0.125
3 0.084375 0.60234375 0.02421875 0.0984375
3 0.5 0.60546875 0.01953125 0.11796875
3 0.6609375 0.69296875 0.0265625 0.134375
2 0.440625 0.740625 0.025 0.125