3 0.7859375 0.27890625 0.02890625 0.0875
3 0.59453125 0.36640625 0.03046875 0.0859375
3 0.7171875 0.36796875 0.02578125 0.09453125
1 0.70625 0.40703125 0.01796875 0.028125
3 0.475 0.4453125 0.03359375 0.0890625
3 0.2234375 0.49765625 0.028125 0.10546875
3 0.3953125 0.51640625 0.02578125 0.10703125
3 0.35625 0.5265625 0.03671875 0.11796875
3 0.1421875 0.528125 0.02890625 0.1140625
3 0.5375 0.5328125 0.028125 0.1125
3 0.06875 0.5890625 0.02734375 0.1140625
2 0.49765625 0.64609375 0.034375 0.13046875
3 0.8078125 0.72890625 0.03828125 0.1390625
3 0.28125 0.7984375 0.0359375 0.1484375
3 0.4390625 0.8203125 0.04140625 0.15390625