3 0.3171875 0.19765625 0.021875 0.06953125
3 0.7453125 0.25703125 0.015625 0.075
3 0.409375 0.2578125 0.01875 0.0609375
3 0.54453125 0.26328125 0.01953125 0.07109375
3 0.215625 0.26953125 0.025 0.08046875
3 0.0765625 0.27265625 0.0203125 0.0734375
3 0.6359375 0.2765625 0.01796875 0.075
3 0.2859375 0.29609375 0.01328125 0.0765625
2 0.38984375 0.303125 0.015625 0.084375
3 0.1515625 0.32109375 0.0171875 0.0859375
3 0.096875 0.37578125 0.0265625 0.1125
3 0.2765625 0.3890625 0.01328125 0.084375
3 0.56875 0.396875 0.02421875 0.046875
3 0.39453125 0.40859375 0.0234375 0.06640625
3 0.07109375 0.428125 0.02109375 0.09140625
3 0.56875 0.44921875 0.021875 0.05390625
3 0.546875 0.471875 0.02109375 0.0625
1 0.61953125 0.50234375 0.009375 0.025
3 0.425 0.57890625 0.021875 0.11953125
3 0.046875 0.6546875 0.01953125 0.13203125