3 0.2171875 0.403125 0.0140625 0.0625
3 0.1015625 0.41171875 0.0171875 0.0765625
3 0.175 0.415625 0.015625 0.0875
3 0.19375 0.415625 0.0140625 0.1015625
3 0.05546875 0.41640625 0.021875 0.075
3 0.1296875 0.42734375 0.025 0.0359375
3 0.20625 0.43046875 0.01875 0.071875
3 0.15234375 0.43203125 0.02265625 0.0890625
3 0.08359375 0.46328125 0.01875 0.0875
3 0.1203125 0.4703125 0.0265625 0.059375
3 0.6640625 0.55078125 0.02421875 0.11640625
3 0.34453125 0.55390625 0.021875 0.09609375
3 0.6390625 0.55390625 0.028125 0.1234375
3 0.371875 0.64921875 0.02734375 0.1265625
3 0.8875 0.69453125 0.03046875 0.115625