3 0.58984375 0.35859375 0.03046875 0.10390625
3 0.6359375 0.3796875 0.03515625 0.09453125
3 0.3765625 0.3890625 0.02578125 0.09140625
3 0.340625 0.40546875 0.021875 0.090625
3 0.93515625 0.44296875 0.0296875 0.059375
3 0.69921875 0.4515625 0.02578125 0.12109375
3 0.7984375 0.45625 0.01640625 0.11796875
3 0.1109375 0.4625 0.02734375 0.1109375
2 0.315625 0.48828125 0.02890625 0.128125
3 0.8921875 0.496875 0.01953125 0.14296875
3 0.8734375 0.51015625 0.02890625 0.11796875
3 0.8046875 0.5171875 0.0265625 0.12890625
3 0.93125 0.53125 0.0234375 0.140625
3 0.66484375 0.5453125 0.03203125 0.1234375
3 0.046875 0.5484375 0.0359375 0.121875
3 0.584375 0.5984375 0.03359375 0.10390625
3 0.08984375 0.640625 0.03359375 0.1390625
3 0.9890625 0.6640625 0.02109375 0.153125