3 0.2890625 0.17109375 0.03203125 0.1125
3 0.1984375 0.18828125 0.02890625 0.128125
1 0.6453125 0.23203125 0.0140625 0.03203125
3 0.5640625 0.29375 0.0375 0.1390625
2 0.6328125 0.3640625 0.02578125 0.153125
3 0.884375 0.521875 0.04140625 0.153125
3 0.57890625 0.5328125 0.0328125 0.16953125
3 0.62265625 0.54375 0.03671875 0.16953125
3 0.009375 0.5625 0.01796875 0.15546875
3 0.81875 0.5703125 0.0390625 0.15859375
3 0.44140625 0.58828125 0.02421875 0.184375
3 0.33671875 0.615625 0.03046875 0.12890625
3 0.1609375 0.625 0.040625 0.18359375
3 0.0625 0.634375 0.05 0.23203125
3 0.0328125 0.69375 0.034375 0.2