3 0.56015625 0.315625 0.01640625 0.0515625
3 0.525 0.3234375 0.01015625 0.04140625
3 0.63671875 0.32734375 0.01015625 0.04296875
3 0.721875 0.334375 0.0125 0.0484375
3 0.56953125 0.3359375 0.01875 0.053125
3 0.771875 0.346875 0.01640625 0.04296875
3 0.659375 0.36171875 0.009375 0.0484375
3 0.84375 0.36953125 0.01640625 0.046875
3 0.71796875 0.37890625 0.0125 0.065625
3 0.1796875 0.3859375 0.01015625 0.046875
2 0.50625 0.4 0.01015625 0.059375
3 0.525 0.40078125 0.0125 0.0734375
3 0.2296875 0.40703125 0.01171875 0.065625
3 0.6125 0.4109375 0.01796875 0.0640625
3 0.9375 0.41484375 0.02109375 0.0609375
3 0.28203125 0.4296875 0.01171875 0.0640625
3 0.9609375 0.465625 0.01796875 0.05859375
3 0.7453125 0.48828125 0.01796875 0.0609375
3 0.57578125 0.55859375 0.015625 0.06640625