3 0.10234375 0.38984375 0.01875 0.0375
3 0.20390625 0.40078125 0.01640625 0.09140625
3 0.2203125 0.4078125 0.01484375 0.08203125
3 0.1859375 0.409375 0.0140625 0.08203125
3 0.2375 0.421875 0.015625 0.078125
3 0.040625 0.42421875 0.0109375 0.0875
3 0.121875 0.43359375 0.0125 0.07109375
3 0.096875 0.446875 0.015625 0.0765625
3 0.3140625 0.52421875 0.015625 0.0765625
3 0.6609375 0.54375 0.01953125 0.084375
3 0.6390625 0.54921875 0.01484375 0.09609375
3 0.39453125 0.64140625 0.025 0.09296875
1 0.878125 0.6828125 0.01484375 0.03359375
3 0.8953125 0.68984375 0.02578125 0.1109375