3 0.0859375 0.39296875 0.021875 0.07109375
3 0.1984375 0.4 0.01796875 0.06953125
3 0.178125 0.40390625 0.01640625 0.078125
3 0.2078125 0.40703125 0.01796875 0.0984375
3 0.22421875 0.4171875 0.01875 0.075
3 0.0515625 0.41875 0.0234375 0.08046875
3 0.2359375 0.4203125 0.0234375 0.0734375
3 0.12578125 0.434375 0.01953125 0.08046875
3 0.115625 0.4375 0.0140625 0.10546875
3 0.09375 0.45078125 0.0234375 0.0875
3 0.6640625 0.54140625 0.015625 0.0890625
3 0.328125 0.54296875 0.03203125 0.10390625
3 0.640625 0.5453125 0.0109375 0.10546875
3 0.38125 0.6375 0.021875 0.121875
3 0.88515625 0.68671875 0.02109375 0.121875