3 0.421875 0.21484375 0.02890625 0.0890625
3 0.85234375 0.259375 0.0265625 0.096875
3 0.6 0.26796875 0.03046875 0.10703125
3 0.98125 0.284375 0.03515625 0.0890625
3 0.028125 0.3796875 0.0390625 0.1125
3 0.52421875 0.38125 0.02578125 0.1140625
2 0.846875 0.40078125 0.0375 0.121875
3 0.3875 0.40234375 0.0296875 0.115625
1 0.384375 0.44765625 0.0171875 0.0375
3 0.309375 0.515625 0.01796875 0.13203125
3 0.69453125 0.540625 0.025 0.11796875
3 0.44453125 0.60859375 0.03984375 0.14296875
3 0.5703125 0.684375 0.01953125 0.134375