3 0.50546875 0.32421875 0.02734375 0.09609375
3 0.9390625 0.3265625 0.02734375 0.0859375
3 0.5625 0.3546875 0.02890625 0.084375
3 0.89453125 0.375 0.03125 0.0859375
3 0.4390625 0.375 0.02578125 0.071875
3 0.98984375 0.41171875 0.01796875 0.06953125
3 0.65234375 0.43984375 0.028125 0.103125
3 0.3625 0.46015625 0.03203125 0.10859375
3 0.42890625 0.5078125 0.03046875 0.08203125
3 0.28359375 0.5171875 0.0265625 0.0875
3 0.66953125 0.52421875 0.03125 0.1015625
2 0.7390625 0.59140625 0.03125 0.10546875
3 0.159375 0.66796875 0.03203125 0.125
3 0.5 0.7890625 0.03984375 0.121875