3 0.92890625 0.16171875 0.01796875 0.059375
3 0.66875 0.2625 0.01796875 0.071875
3 0.740625 0.27109375 0.01796875 0.0734375
3 0.5546875 0.35 0.015625 0.0765625
3 0.7046875 0.42578125 0.02734375 0.08359375
3 0.3984375 0.46171875 0.0171875 0.1
3 0.2921875 0.52578125 0.02109375 0.09609375
3 0.4578125 0.53828125 0.0234375 0.10859375
1 0.440625 0.56328125 0.00859375 0.02890625
3 0.6078125 0.56640625 0.02734375 0.0984375
2 0.71953125 0.584375 0.028125 0.1015625
3 0.0671875 0.6859375 0.03046875 0.1359375
3 0.9734375 0.68671875 0.0328125 0.1390625
3 0.3765625 0.74921875 0.02265625 0.12109375
3 0.03359375 0.7734375 0.04296875 0.14609375
3 0.384375 0.87578125 0.04453125 0.1359375