3 0.503125 0.221875 0.02421875 0.034375
3 0.51640625 0.2640625 0.02421875 0.05390625
3 0.3859375 0.3140625 0.01796875 0.071875
3 0.70703125 0.3375 0.01796875 0.075
3 0.52734375 0.3484375 0.01796875 0.078125
3 0.496875 0.36171875 0.03203125 0.040625
3 0.24375 0.3875 0.02578125 0.09140625
3 0.378125 0.396875 0.0171875 0.09609375
3 0.7234375 0.40546875 0.0203125 0.0859375
3 0.98984375 0.4078125 0.0203125 0.146875
2 0.5046875 0.41640625 0.0234375 0.0765625
3 0.67265625 0.434375 0.0171875 0.08359375
3 0.653125 0.528125 0.01953125 0.1
3 0.06875 0.53671875 0.040625 0.1234375
3 0.5984375 0.5828125 0.0234375 0.10546875
3 0.16328125 0.6296875 0.01796875 0.10390625
3 0.0765625 0.9421875 0.03125 0.115625