3 0.55625 0.1453125 0.03515625 0.07890625
3 0.7375 0.1609375 0.021875 0.10703125
3 0.94375 0.16796875 0.025 0.09140625
2 0.76875 0.16953125 0.02890625 0.096875
3 0.35625 0.17265625 0.021875 0.075
3 0.828125 0.1796875 0.015625 0.1015625
3 0.6109375 0.2 0.025 0.10546875
3 0.11796875 0.20859375 0.02890625 0.09609375
3 0.73125 0.2703125 0.02734375 0.10703125
3 0.7140625 0.02890625 0.015625 0.0578125
3 0.3625 0.321875 0.0390625 0.09609375
3 0.31640625 0.32421875 0.028125 0.13046875
3 0.559375 0.328125 0.02109375 0.134375
3 0.646875 0.40078125 0.02421875 0.1390625
3 0.7296875 0.403125 0.04453125 0.09609375
3 0.8046875 0.40859375 0.040625 0.1484375
3 0.70390625 0.0453125 0.01484375 0.04609375
3 0.39609375 0.0515625 0.0234375 0.06640625
1 0.4171875 0.55625 0.02265625 0.0390625
3 0.5484375 0.06953125 0.03203125 0.0625
3 0.7609375 0.0734375 0.025 0.08203125
3 0.96875 0.08203125 0.025 0.06796875