3 0.40390625 0.315625 0.0203125 0.08046875
3 0.5125 0.34375 0.03359375 0.084375
3 0.57890625 0.36015625 0.02578125 0.10546875
3 0.025 0.421875 0.0296875 0.10390625
3 0.5125 0.43671875 0.02578125 0.10703125
3 0.3875 0.43671875 0.02578125 0.07890625
1 0.4484375 0.44140625 0.01875 0.02890625
3 0.70859375 0.47265625 0.028125 0.103125
2 0.17890625 0.4765625 0.0296875 0.10703125
3 0.459375 0.4828125 0.0265625 0.11953125
3 0.75390625 0.51796875 0.03359375 0.128125
3 0.8125 0.52265625 0.034375 0.1140625
3 0.60625 0.534375 0.0296875 0.128125
3 0.33984375 0.69609375 0.03515625 0.140625