3 0.359375 0.184375 0.034375 0.0875
3 0.190625 0.278125 0.0265625 0.1
3 0.59609375 0.296875 0.04453125 0.128125
3 0.47890625 0.31484375 0.0296875 0.1015625
2 0.403125 0.33046875 0.025 0.12109375
3 0.075 0.36796875 0.02734375 0.1125
3 0.6765625 0.3953125 0.02578125 0.10703125
3 0.7171875 0.4046875 0.03984375 0.0875
3 0.2375 0.428125 0.03125 0.1015625
1 0.6515625 0.45078125 0.0265625 0.0359375
3 0.13203125 0.475 0.03359375 0.17109375
3 0.8625 0.478125 0.03359375 0.134375
3 0.3828125 0.49453125 0.0359375 0.15
3 0.09609375 0.4984375 0.028125 0.07890625
3 0.690625 0.50390625 0.034375 0.1515625
3 0.284375 0.534375 0.04453125 0.1625
3 0.10625 0.57890625 0.03515625 0.12890625
3 0.08125 0.58984375 0.04140625 0.175