3 0.2171875 0.18359375 0.01875 0.109375
3 0.28125 0.25 0.015625 0.075
3 0.125 0.25078125 0.03515625 0.096875
3 0.496875 0.290625 0.01484375 0.1015625
2 0.3859375 0.353125 0.025 0.12890625
3 0.7171875 0.3953125 0.025 0.128125
3 0.7015625 0.40625 0.02734375 0.1015625
3 0.2640625 0.4890625 0.0234375 0.1234375
3 0.53125 0.51015625 0.0375 0.1640625
3 0.7125 0.52578125 0.03046875 0.16796875
3 0.0171875 0.58125 0.0203125 0.1515625
3 0.2375 0.58359375 0.03203125 0.15390625
3 0.00625 0.60859375 0.01171875 0.153125