3 0.64453125 0.22578125 0.01953125 0.0734375
3 0.646875 0.2328125 0.02578125 0.07109375
3 0.68359375 0.240625 0.02421875 0.08046875
3 0.22265625 0.27265625 0.02421875 0.1015625
3 0.09140625 0.32734375 0.01875 0.1015625
2 0.3078125 0.35390625 0.025 0.12109375
3 0.66328125 0.36015625 0.021875 0.1015625
3 0.21640625 0.38203125 0.01875 0.10546875
3 0.346875 0.425 0.0359375 0.10703125
3 0.5234375 0.44921875 0.02890625 0.13359375
3 0.8515625 0.4578125 0.0265625 0.1234375
1 0.359375 0.48984375 0.0140625 0.0375
3 0.86484375 0.49375 0.02109375 0.11796875
3 0.5 0.61640625 0.02421875 0.14453125
3 0.796875 0.63828125 0.04921875 0.1125
3 0.97734375 0.89921875 0.0453125 0.1703125