3 0.621875 0.28671875 0.01171875 0.0375
3 0.5859375 0.2875 0.00703125 0.0359375
3 0.6046875 0.30703125 0.01015625 0.040625
3 0.69609375 0.3125 0.0109375 0.04140625
3 0.61875 0.3171875 0.01171875 0.034375
3 0.82890625 0.321875 0.0125 0.0734375
3 0.7875 0.328125 0.009375 0.040625
3 0.70625 0.3546875 0.0078125 0.05703125
3 0.928125 0.3640625 0.00859375 0.053125
3 0.7671875 0.3703125 0.01171875 0.05703125
3 0.8953125 0.37578125 0.015625 0.05390625
3 0.1734375 0.37890625 0.01484375 0.04609375
2 0.53984375 0.38203125 0.0125 0.06640625
3 0.20859375 0.384375 0.01953125 0.0515625
3 0.55234375 0.384375 0.01484375 0.053125
3 0.640625 0.39765625 0.0203125 0.065625
3 0.2703125 0.409375 0.021875 0.05703125
3 0.9921875 0.459375 0.015625 0.0859375
3 0.7390625 0.490625 0.01328125 0.059375
3 0.5796875 0.5375 0.01875 0.05859375