3 0.43515625 0.2828125 0.0171875 0.0609375
3 0.571875 0.28828125 0.02734375 0.07109375
3 0.62890625 0.29921875 0.0171875 0.05
3 0.115625 0.30078125 0.02109375 0.08203125
3 0.2609375 0.309375 0.0171875 0.06640625
3 0.31875 0.3203125 0.0125 0.06796875
3 0.46328125 0.3453125 0.0171875 0.06796875
3 0.159375 0.353125 0.01328125 0.059375
3 0.303125 0.390625 0.02109375 0.053125
3 0.15 0.403125 0.02578125 0.08046875
3 0.5046875 0.40625 0.01640625 0.078125
3 0.1671875 0.41328125 0.028125 0.0765625
3 0.6234375 0.42421875 0.0171875 0.0890625
3 0.1765625 0.48515625 0.02890625 0.04296875
3 0.5359375 0.525 0.01796875 0.075
3 0.42265625 0.58828125 0.02265625 0.090625
3 0.32890625 0.60859375 0.0203125 0.1140625