2 0.2625 0.20078125 0.01640625 0.0875
3 0.4375 0.20546875 0.01328125 0.065625
3 0.4609375 0.21953125 0.015625 0.06953125
3 0.53046875 0.221875 0.01171875 0.09296875
3 0.5078125 0.2234375 0.015625 0.08046875
3 0.396875 0.23359375 0.01875 0.06640625
3 0.54140625 0.23359375 0.02109375 0.06953125
3 0.46953125 0.23359375 0.0125 0.05703125
3 0.16015625 0.2390625 0.021875 0.08359375
3 0.43125 0.24921875 0.01171875 0.06953125
3 0.5234375 0.24921875 0.01484375 0.0859375
3 0.41171875 0.25234375 0.01640625 0.071875
3 0.440625 0.4171875 0.01796875 0.07890625
3 0.3265625 0.528125 0.0203125 0.103125
3 0.6703125 0.553125 0.01796875 0.115625
3 0.6984375 0.55703125 0.02734375 0.109375
1 0.75078125 0.88359375 0.0171875 0.0390625
3 0.67421875 0.89765625 0.03125 0.11953125
2 0.8859375 0.9515625 0.03515625 0.096875