3 0.66640625 0.21171875 0.025 0.096875
3 0.753125 0.221875 0.03515625 0.0765625
3 0.3375 0.253125 0.02890625 0.0734375
3 0.1765625 0.303125 0.0328125 0.084375
2 0.490625 0.315625 0.0234375 0.096875
3 0.90859375 0.35703125 0.02734375 0.13203125
3 0.15390625 0.35859375 0.02578125 0.078125
3 0.31640625 0.37109375 0.02421875 0.09296875
3 0.5046875 0.41171875 0.04296875 0.11796875
3 0.8234375 0.440625 0.03203125 0.11796875
1 0.515625 0.46484375 0.02734375 0.028125
3 0.03671875 0.52421875 0.03203125 0.1234375
3 0.56875 0.64453125 0.03203125 0.12890625