3 0.7421875 0.28125 0.025 0.08203125
3 0.6703125 0.28828125 0.0296875 0.090625
3 0.6171875 0.32890625 0.02890625 0.115625
3 0.76015625 0.33984375 0.02265625 0.09140625
3 0.509375 0.3921875 0.021875 0.12109375
3 0.45625 0.4265625 0.0234375 0.11953125
3 0.37421875 0.43984375 0.02890625 0.1015625
3 0.34921875 0.4765625 0.02734375 0.10390625
3 0.53671875 0.490625 0.03359375 0.11640625
3 0.25625 0.503125 0.025 0.12109375
3 0.1796875 0.515625 0.0265625 0.1125
3 0.6171875 0.525 0.0328125 0.09296875
3 0.08828125 0.5453125 0.03203125 0.14453125
3 0.1390625 0.5484375 0.03125 0.10546875
2 0.5390625 0.7203125 0.03046875 0.1765625
3 0.89453125 0.728125 0.0203125 0.159375